
-- Random instance No.1 --
Index	Demand	EmergCos	FixedCost	Lat	Lon
1	168.07	10000	154752	37.73	87.09
2	974.90	10000	142112	46.50	113.67
3	633.36	10000	122376	26.46	71.22
4	666.48	10000	232430	45.83	70.44
5	679.15	10000	195317	46.21	109.10
6	353.38	10000	198331	44.85	96.18
7	113.89	10000	275708	41.34	114.79
8	428.83	10000	237952	49.51	75.30
9	78.76	10000	239292	42.74	86.86
10	673.94	10000	73790	31.25	89.41
11	66.62	10000	70105	33.81	78.37
12	114.94	10000	240917	28.75	111.89
13	343.38	10000	221863	43.51	80.10
14	116.02	10000	263579	46.86	119.91
15	776.77	10000	137021	38.39	118.97
16	82.95	10000	64546	27.35	80.28
17	766.14	10000	108068	49.53	104.47
18	878.76	10000	263749	28.66	110.27
19	226.85	10000	214079	39.98	73.76
20	188.56	10000	295545	30.51	79.35

-- Random instance No.2 --
Index	Demand	EmergCos	FixedCost	Lat	Lon
1	504.21	10000	134257	38.24	78.90
2	302.95	10000	96337	39.48	116.27
3	656.62	10000	287457	29.41	81.30
4	755.98	10000	97291	37.47	78.96
5	793.99	10000	255951	38.64	87.28
6	438.41	10000	245322	34.56	113.81
7	98.22	10000	82291	49.01	111.99
8	664.76	10000	94187	48.57	101.18
9	236.28	10000	117877	28.26	70.57
10	400.08	10000	141701	43.81	85.86
11	199.86	10000	130646	26.48	110.39
12	723.10	10000	122752	36.28	110.93
13	30.13	10000	190754	30.57	107.94
14	348.06	10000	190737	40.59	119.71
15	708.57	10000	61392	40.22	116.89
16	5.40	10000	258803	32.08	100.84
17	54.95	10000	119368	48.57	73.39
18	392.81	10000	191247	36.01	98.43
19	680.55	10000	292566	44.96	88.92
20	322.23	10000	286635	41.59	113.33

-- Random instance No.3 --
Index	Demand	EmergCos	FixedCost	Lat	Lon
1	840.35	10000	113761	38.72	70.71
2	631.01	10000	175727	32.46	111.23
3	301.60	10000	182539	32.33	91.38
4	845.48	10000	232151	29.11	87.48
5	530.55	10000	46586	31.04	115.47
6	523.44	10000	167148	49.28	81.43
7	82.55	10000	158873	31.67	116.83
8	900.69	10000	95256	47.63	119.42
9	772.08	10000	266463	38.76	111.93
10	504.50	10000	84447	31.36	74.67
11	711.38	10000	191187	44.13	84.76
12	709.53	10000	274586	43.84	109.97
13	95.16	10000	159644	42.61	85.77
14	958.38	10000	243060	34.29	119.51
15	640.37	10000	255763	42.05	114.81
16	927.86	10000	183059	36.81	79.03
17	343.77	10000	130669	47.64	92.32
18	906.87	10000	118746	43.36	78.95
19	512.52	10000	101054	49.94	104.08
20	455.90	10000	277726	27.63	89.66

-- Random instance No.4 --
Index	Demand	EmergCos	FixedCost	Lat	Lon
1	176.48	10000	93266	39.23	112.53
2	959.07	10000	129952	25.44	106.19
3	946.59	10000	77620	35.28	101.46
4	556.70	10000	97012	45.76	96.00
5	267.11	10000	107220	48.48	93.65
6	230.19	10000	88975	39.02	99.06
7	688.61	10000	235455	39.34	114.03
8	758.34	10000	96326	46.69	95.29
9	929.60	10000	145048	49.29	103.28
10	230.64	10000	152357	43.92	71.12
11	844.62	10000	251727	36.80	116.78
12	317.68	10000	156421	26.36	109.01
13	781.92	10000	128535	29.67	113.61
14	190.41	10000	170218	28.02	76.94
15	572.17	10000	180134	43.88	112.73
16	850.31	10000	107316	41.54	107.23
17	632.59	10000	141969	46.68	111.25
18	420.92	10000	46244	25.70	117.12
19	966.22	10000	179541	29.91	119.24
20	589.57	10000	268817	38.71	73.63

-- Random instance No.5 --
Index	Demand	EmergCos	FixedCost	Lat	Lon
1	344.55	10000	73183	26.98	79.61
2	312.23	10000	242064	46.94	107.49
3	958.22	10000	295161	36.77	110.32
4	601.45	10000	299443	41.58	104.08
5	324.53	10000	272538	44.71	82.74
6	961.85	10000	112470	33.86	82.87
7	180.77	10000	66328	30.67	116.45
8	565.44	10000	159443	46.22	108.23
9	386.63	10000	84341	42.02	70.13
10	282.85	10000	51313	25.19	90.53
11	911.24	10000	146997	45.61	82.78
12	810.90	10000	97339	30.14	108.53
13	503.57	10000	50398	48.21	73.70
14	306.43	10000	258962	49.88	76.84
15	348.93	10000	142320	32.29	111.69
16	311.53	10000	267027	43.92	117.51
17	777.00	10000	220038	46.23	95.71
18	677.95	10000	279994	29.39	115.02
19	571.34	10000	218785	44.92	72.99
20	156.40	10000	264362	44.25	90.62

-- Random instance No.6 --
Index	Demand	EmergCos	FixedCost	Lat	Lon
1	512.62	10000	197935	39.71	104.34
2	287.12	10000	84177	43.43	108.79
3	969.85	10000	242701	38.23	111.54
4	646.20	10000	231873	37.40	104.52
5	381.95	10000	167855	40.91	71.83
6	315.22	10000	135966	28.73	116.69
7	672.94	10000	42037	47.01	111.23
8	994.27	10000	222561	45.75	113.53
9	465.39	10000	293633	34.78	86.99
10	956.79	10000	95103	31.47	117.58
11	356.13	10000	42268	29.44	91.15
12	925.84	10000	38256	33.89	100.41
13	846.95	10000	242261	41.71	91.44
14	800.73	10000	222541	46.76	76.74
15	503.97	10000	104505	45.71	110.65
16	772.76	10000	31573	46.27	77.78
17	921.41	10000	153270	45.75	80.17
18	934.98	10000	243743	33.05	105.28
19	798.19	10000	258029	34.89	84.39
20	723.24	10000	259907	49.76	99.97

-- Random instance No.7 --
Index	Demand	EmergCos	FixedCost	Lat	Lon
1	680.69	10000	52688	27.46	71.42
2	640.29	10000	51454	39.92	102.45
3	603.20	10000	190242	39.69	70.39
4	690.95	10000	164303	33.22	112.60
5	61.09	10000	63172	37.11	110.93
6	46.87	10000	34297	48.58	100.50
7	165.10	10000	142910	38.34	113.65
8	801.37	10000	285678	45.28	76.46
9	544.15	10000	232926	27.54	111.49
10	8.99	10000	264059	37.75	86.98
11	422.75	10000	207538	38.28	107.16
12	419.05	10000	249173	37.67	99.93
13	190.32	10000	289289	35.24	101.54
14	916.75	10000	186120	43.61	76.64
15	280.73	10000	211527	34.12	109.61
16	233.98	10000	191284	48.65	95.70
17	65.81	10000	231338	45.27	114.64
18	192.00	10000	207492	36.74	95.54
19	25.03	10000	297272	49.90	88.15
20	290.07	10000	255453	30.29	116.96

-- Random instance No.8 --
Index	Demand	EmergCos	FixedCost	Lat	Lon
1	848.76	10000	177440	40.22	96.15
2	615.18	10000	163566	36.41	103.75
3	614.83	10000	137783	41.18	71.61
4	735.70	10000	96734	29.04	113.04
5	118.51	10000	228490	33.34	100.02
6	400.25	10000	57792	43.45	84.31
7	657.27	10000	118619	29.70	116.07
8	230.19	10000	223631	44.81	89.40
9	622.91	10000	172218	45.31	78.34
10	682.93	10000	163014	44.03	114.03
11	489.37	10000	102808	47.09	73.16
12	912.27	10000	190091	41.42	99.45
13	533.70	10000	211152	28.77	119.28
14	32.76	10000	274864	40.46	76.54
15	435.77	10000	173712	47.54	108.57
16	316.93	10000	225830	25.99	105.98
17	210.22	10000	164571	44.79	99.10
18	449.03	10000	171241	40.40	93.44
19	630.16	10000	66516	39.87	99.55
20	856.91	10000	250998	35.83	83.94

-- Random instance No.9 --
Index	Demand	EmergCos	FixedCost	Lat	Lon
1	16.82	10000	32192	27.97	113.24
2	968.35	10000	275679	32.90	105.05
3	626.46	10000	85323	42.64	80.47
4	402.17	10000	299164	49.87	71.11
5	175.93	10000	123807	29.54	89.11
6	131.90	10000	81288	38.32	118.13
7	149.43	10000	219492	46.04	110.85
8	659.02	10000	286748	44.31	102.34
9	79.94	10000	111511	38.04	95.20
10	735.14	10000	61969	25.30	83.43
11	555.99	10000	268078	30.92	89.17
12	27.20	10000	131008	45.20	98.97
13	255.35	10000	258180	47.31	79.37
14	148.78	10000	238443	37.34	76.44
15	212.53	10000	135898	35.92	107.53
16	778.16	10000	115541	28.37	116.26
17	354.63	10000	242639	44.34	91.20
18	706.06	10000	134991	44.09	83.70
19	857.01	10000	250596	29.87	103.31
20	423.74	10000	246543	41.37	100.93

-- Random instance No.10 --
Index	Demand	EmergCos	FixedCost	Lat	Lon
1	184.89	10000	156945	40.70	80.32
2	943.24	10000	117791	29.39	98.71
3	259.81	10000	32864	44.10	81.69
4	446.92	10000	231595	45.69	71.55
5	855.08	10000	289124	25.74	78.20
6	485.28	10000	249619	33.16	101.94
7	641.60	10000	195201	37.37	113.27
8	466.12	10000	79865	43.84	107.64
9	158.70	10000	50804	30.80	119.70
10	787.35	10000	105760	31.58	102.84
11	0.88	10000	163349	39.76	97.54
12	520.42	10000	71926	48.98	98.49
13	598.73	10000	180043	40.81	97.11
14	643.08	10000	202022	34.19	83.98
15	367.57	10000	98083	49.34	106.49
16	239.38	10000	150087	30.72	84.17
17	499.04	10000	175871	43.86	75.66
18	963.09	10000	98740	47.75	73.96
19	83.85	10000	289839	44.85	114.71
20	990.58	10000	242089	46.88	117.92

-- Random instance No.11 --
Index	Demand	EmergCos	FixedCost	Lat	Lon
1	352.96	10000	281697	28.45	105.05
2	296.40	10000	85068	25.88	100.01
3	271.44	10000	250405	45.59	90.55
4	491.67	10000	164025	41.51	79.63
5	912.50	10000	184441	46.98	117.30
6	838.66	10000	273114	28.03	85.75
7	755.49	10000	296075	28.70	115.69
8	894.95	10000	287818	43.37	70.57
9	237.46	10000	260096	48.57	86.55
10	461.28	10000	274715	37.86	79.88
11	67.50	10000	58619	48.60	113.55
12	13.63	10000	138007	27.72	98.01
13	942.11	10000	227071	34.34	107.21
14	759.10	10000	165602	31.07	83.88
15	144.33	10000	60269	37.75	105.45
16	700.61	10000	39797	33.10	94.45
17	643.45	10000	253939	43.38	110.13
18	220.11	10000	187654	26.43	71.86
19	310.70	10000	59083	34.85	118.47
20	557.41	10000	237634	27.41	77.26

-- Random instance No.12 --
Index	Demand	EmergCos	FixedCost	Lat	Lon
1	689.10	10000	116366	28.96	96.86
2	624.46	10000	39293	43.87	94.97
3	916.43	10000	290322	48.54	100.63
4	581.17	10000	298886	33.15	88.15
5	649.06	10000	245076	39.41	103.12
6	923.69	10000	194941	42.75	95.74
7	739.82	10000	102657	36.37	112.89
8	130.87	10000	144052	42.43	96.45
9	773.26	10000	138682	34.06	77.90
10	565.70	10000	72626	25.41	118.70
11	200.74	10000	119159	41.24	95.56
12	621.79	10000	289842	35.28	97.05
13	7.13	10000	70797	46.41	85.04
14	991.14	10000	217924	49.78	83.68
15	76.13	10000	254640	39.58	103.37
16	623.06	10000	234054	37.83	72.64
17	932.27	10000	265240	42.45	79.05
18	734.17	10000	115152	33.78	110.03
19	142.67	10000	137571	39.83	83.62
20	691.08	10000	228725	38.49	111.24

-- Random instance No.13 --
Index	Demand	EmergCos	FixedCost	Lat	Lon
1	193.30	10000	220623	42.20	105.76
2	305.68	10000	230795	33.34	91.23
3	573.04	10000	132944	27.94	111.93
4	337.14	10000	96177	45.65	104.75
5	443.04	10000	201028	28.04	70.39
6	362.09	10000	265427	27.33	97.18
7	216.31	10000	280112	35.37	112.51
8	795.63	10000	208239	41.02	77.62
9	9.53	10000	226560	37.32	86.11
10	344.05	10000	184327	44.25	84.55
11	778.88	10000	74970	42.72	85.94
12	723.16	10000	112594	46.59	87.97
13	415.54	10000	86715	26.97	80.61
14	717.47	10000	233826	40.36	91.02
15	162.97	10000	141197	29.82	107.89
16	6.73	10000	192857	44.91	111.12
17	365.49	10000	209773	41.04	82.44
18	505.25	10000	276400	44.79	88.45
19	201.49	10000	255302	34.81	102.54
20	13.30	10000	215361	30.07	104.56

-- Random instance No.14 --
Index	Demand	EmergCos	FixedCost	Lat	Lon
1	361.37	10000	75376	29.95	80.48
2	280.57	10000	72908	29.83	92.53
3	584.67	10000	80484	29.40	70.78
4	381.89	10000	298607	41.47	105.19
5	500.46	10000	96345	49.25	109.49
6	93.74	10000	163759	47.18	80.99
7	330.20	10000	255821	26.70	114.93
8	602.73	10000	271356	40.55	90.56
9	466.57	10000	165852	30.08	102.97
10	17.98	10000	83282	25.52	111.60
11	845.50	10000	240240	26.55	101.95
12	216.37	10000	53512	25.33	87.49
13	758.92	10000	278579	45.51	90.71
14	833.49	10000	197406	37.24	90.92
15	939.74	10000	248218	43.24	106.85
16	467.96	10000	82568	47.29	71.39
17	509.90	10000	287841	40.56	116.91
18	384.00	10000	240149	48.48	78.71
19	428.34	10000	294545	49.79	113.94
20	580.14	10000	66070	35.61	71.54

-- Random instance No.15 --
Index	Demand	EmergCos	FixedCost	Lat	Lon
1	529.44	10000	200128	42.68	97.57
2	633.74	10000	185020	26.32	93.83
3	596.30	10000	298025	30.89	72.00
4	426.64	10000	231038	37.29	113.27
5	557.88	10000	261662	45.48	98.58
6	447.12	10000	187254	42.05	114.81
7	822.37	10000	86694	43.04	109.71
8	31.55	10000	209309	40.08	103.50
9	545.33	10000	105145	47.85	119.83
10	70.19	10000	127073	31.80	81.00
11	290.39	10000	135511	35.39	110.32
12	331.31	10000	264429	29.11	87.01
13	102.29	10000	55606	39.04	108.45
14	949.51	10000	160985	34.09	90.82
15	94.77	10000	210404	31.65	105.81
16	550.91	10000	117114	49.64	81.67
17	654.31	10000	221074	40.08	101.37
18	641.03	10000	203899	27.13	76.61
19	655.19	10000	63789	39.79	117.70
20	146.97	10000	61616	41.12	88.53

-- Random instance No.16 --
Index	Demand	EmergCos	FixedCost	Lat	Lon
1	697.51	10000	54881	30.43	72.29
2	608.63	10000	297133	47.85	87.49
3	229.65	10000	245566	32.35	80.86
4	471.39	10000	163468	33.11	113.71
5	237.02	10000	156980	41.68	87.67
6	178.77	10000	210750	36.89	98.62
7	314.53	10000	62403	34.40	112.13
8	838.66	10000	272426	39.61	108.80
9	624.09	10000	169602	40.61	94.32
10	744.13	10000	296028	38.08	108.05
11	357.01	10000	30781	44.20	76.32
12	824.53	10000	205346	32.86	86.53
13	445.67	10000	247469	32.54	118.55
14	443.80	10000	249728	30.94	90.72
15	871.54	10000	172589	45.07	104.77
16	12.13	10000	276825	27.01	99.59
17	798.72	10000	299142	39.60	85.83
18	898.06	10000	167648	30.82	116.88
19	260.31	10000	103033	29.76	79.09
20	713.81	10000	57161	46.66	97.88

-- Random instance No.17 --
Index	Demand	EmergCos	FixedCost	Lat	Lon
1	865.58	10000	34797	43.19	89.38
2	961.80	10000	264410	44.34	88.79
3	241.28	10000	193106	33.81	82.08
4	516.14	10000	95899	28.93	71.78
5	294.44	10000	52297	37.88	76.76
6	532.15	10000	109081	31.76	82.43
7	806.70	10000	163276	25.73	114.55
8	267.48	10000	65543	39.11	71.73
9	81.12	10000	108894	33.34	111.18
10	796.34	10000	194983	44.36	77.45
11	423.63	10000	196051	28.03	92.33
12	939.47	10000	146264	36.64	86.05
13	167.32	10000	294497	26.07	78.64
14	559.82	10000	213308	27.82	90.62
15	26.57	10000	134775	33.45	103.73
16	473.36	10000	41371	29.36	109.87
17	943.13	10000	232374	39.15	77.93
18	155.08	10000	131397	34.48	107.14
19	487.16	10000	142277	44.77	82.85
20	280.64	10000	52706	27.19	114.87

-- Random instance No.18 --
Index	Demand	EmergCos	FixedCost	Lat	Lon
1	33.64	10000	159550	30.94	114.11
2	936.69	10000	106522	40.83	90.09
3	252.91	10000	140647	35.30	90.94
4	182.61	10000	298329	49.76	72.22
5	351.86	10000	217614	34.11	115.86
6	263.80	10000	132576	26.63	116.25
7	298.86	10000	138985	42.07	109.33
8	696.31	10000	273496	38.64	84.67
9	159.88	10000	48187	26.10	78.03
10	848.55	10000	93939	25.63	96.86
11	490.25	10000	91322	36.87	108.34
12	432.68	10000	87181	40.42	85.57
13	510.70	10000	216360	44.61	96.38
14	675.84	10000	176887	49.68	90.52
15	803.34	10000	96960	46.87	102.69
16	934.59	10000	201082	31.74	70.14
17	87.53	10000	40442	38.67	112.40
18	412.11	10000	95146	38.17	105.04
19	714.01	10000	56356	34.74	94.25
20	847.48	10000	48252	32.73	81.85

-- Random instance No.19 --
Index	Demand	EmergCos	FixedCost	Lat	Lon
1	369.78	10000	139055	31.42	98.28
2	264.74	10000	60747	33.81	85.05
3	897.90	10000	35728	38.22	101.02
4	272.11	10000	163190	41.40	80.74
5	88.42	10000	278249	26.51	94.04
6	970.56	10000	54403	41.35	83.87
7	283.19	10000	215567	49.74	114.17
8	932.24	10000	129730	37.70	102.91
9	317.40	10000	196772	36.63	119.39
10	574.69	10000	36685	38.19	93.31
11	1.76	10000	151862	29.51	82.71
12	40.83	10000	239016	47.95	84.61
13	575.73	10000	185251	31.64	74.21
14	286.15	10000	229210	43.41	97.96
15	735.14	10000	291331	48.70	100.61
16	857.04	10000	125338	36.47	98.34
17	376.35	10000	51743	37.71	81.32
18	926.17	10000	292645	45.52	85.56
19	545.98	10000	134843	39.72	109.41
20	981.15	10000	39342	43.78	115.83

-- Random instance No.20 --
Index	Demand	EmergCos	FixedCost	Lat	Lon
1	705.92	10000	118559	31.93	90.09
2	592.80	10000	140137	26.79	87.65
3	921.16	10000	200810	41.17	111.10
4	361.61	10000	298051	33.04	89.26
5	824.99	10000	68883	43.95	72.22
6	55.58	10000	101394	31.06	101.50
7	889.25	10000	292150	32.40	111.37
8	168.16	10000	130800	36.76	78.78
9	853.20	10000	75358	47.13	110.74
10	300.83	10000	104595	25.74	89.76
11	135.00	10000	212403	47.19	114.73
12	27.26	10000	246015	30.47	76.01
13	262.48	10000	154142	43.71	102.05
14	518.19	10000	156368	37.14	97.76
15	666.94	10000	215703	25.52	98.53
16	779.49	10000	49595	41.20	118.90
17	665.17	10000	63044	36.78	100.25
18	440.22	10000	75308	27.86	73.72
19	999.68	10000	213331	44.70	74.56
20	114.81	10000	30433	29.85	92.16

-- Random instance No.21 --
Index	Demand	EmergCos	FixedCost	Lat	Lon
1	873.99	10000	243312	44.66	114.82
2	945.97	10000	252249	48.29	81.31
3	554.51	10000	148350	42.66	119.96
4	406.36	10000	85645	28.86	97.34
5	882.41	10000	234201	40.18	111.32
6	787.24	10000	269725	25.93	77.67
7	381.41	10000	123023	48.74	106.15
8	975.27	10000	193917	36.29	91.72
9	931.96	10000	284650	39.89	77.59
10	353.04	10000	148386	32.02	109.17
11	579.90	10000	107673	30.99	73.09
12	142.20	10000	186933	34.25	75.53
13	605.86	10000	76005	37.24	112.15
14	634.21	10000	119947	33.99	97.66
15	821.98	10000	177888	38.94	97.49
16	240.71	10000	84142	43.55	86.81
17	809.58	10000	266276	36.30	84.71
18	697.25	10000	39057	31.52	71.62
19	604.80	10000	252575	34.70	78.32
20	681.65	10000	295978	35.39	109.15

-- Random instance No.22 --
Index	Demand	EmergCos	FixedCost	Lat	Lon
1	42.05	10000	98064	32.41	81.90
2	920.86	10000	94362	44.78	82.61
3	566.14	10000	95891	44.12	71.17
4	72.83	10000	288076	49.69	97.78
5	939.83	10000	129518	36.38	108.05
6	140.61	10000	293220	45.78	111.49
7	873.58	10000	98732	40.07	108.57
8	404.09	10000	257034	35.82	97.02
9	10.71	10000	223943	32.65	94.45
10	26.97	10000	47341	38.30	78.57
11	646.52	10000	272943	39.83	89.10
12	635.42	10000	127850	38.00	75.05
13	327.51	10000	123032	30.74	79.88
14	128.50	10000	208691	30.84	97.56
15	598.74	10000	284909	27.35	96.45
16	701.94	10000	243852	45.93	97.09
17	953.99	10000	74344	35.82	119.18
18	954.28	10000	272806	35.21	111.89
19	831.65	10000	291818	49.68	82.08
20	248.48	10000	291523	40.90	76.13

-- Random instance No.23 --
Index	Demand	EmergCos	FixedCost	Lat	Lon
1	210.12	10000	77981	45.17	106.63
2	274.02	10000	206474	41.27	83.91
3	577.77	10000	188267	45.58	80.03
4	117.58	10000	220506	45.51	105.86
5	618.97	10000	294835	32.58	97.14
6	493.99	10000	46716	40.65	95.30
7	365.74	10000	199605	31.40	110.99
8	832.92	10000	194987	35.35	109.96
9	467.75	10000	163235	25.38	118.95
10	79.18	10000	216297	44.58	105.62
11	713.14	10000	168213	48.67	105.11
12	128.63	10000	68767	41.78	74.57
13	670.89	10000	44896	49.28	89.98
14	244.52	10000	172270	27.72	105.10
15	753.78	10000	247095	40.77	95.41
16	163.16	10000	278398	48.31	107.37
17	98.39	10000	277577	35.37	103.64
18	211.30	10000	236556	38.87	102.15
19	58.49	10000	61062	39.68	93.48
20	815.32	10000	287069	46.44	85.48

-- Random instance No.24 --
Index	Demand	EmergCos	FixedCost	Lat	Lon
1	546.26	10000	57486	45.65	98.44
2	602.08	10000	285864	34.25	78.87
3	222.75	10000	83349	48.53	90.11
4	207.08	10000	85367	37.15	114.38
5	733.81	10000	85470	25.01	75.32
6	579.02	10000	238542	30.36	112.93
7	971.80	10000	276187	39.10	108.19
8	68.84	10000	51221	34.41	85.83
9	625.27	10000	41821	35.91	102.66
10	805.33	10000	159043	32.13	102.07
11	224.65	10000	228754	41.31	79.48
12	736.79	10000	220602	49.31	73.61
13	357.64	10000	283786	36.34	117.82
14	476.56	10000	224593	46.43	104.90
15	685.58	10000	171466	42.60	93.33
16	707.34	10000	202655	28.03	85.56
17	387.21	10000	288877	34.41	72.56
18	725.36	10000	164054	46.22	90.31
19	890.47	10000	139550	44.66	108.64
20	948.99	10000	278159	32.51	119.46

-- Random instance No.25 --
Index	Demand	EmergCos	FixedCost	Lat	Lon
1	714.33	10000	182238	33.40	115.53
2	955.25	10000	127976	30.74	80.17
3	234.38	10000	30889	25.01	91.33
4	251.83	10000	287797	32.97	72.45
5	412.95	10000	250787	46.25	114.42
6	310.67	10000	262038	25.23	96.74
7	463.96	10000	251896	30.43	110.61
8	875.95	10000	259174	33.91	91.13
9	704.03	10000	251113	28.67	77.15
10	857.54	10000	57998	38.41	71.47
11	291.27	10000	124024	25.14	95.49
12	230.00	10000	161519	28.08	73.13
13	79.29	10000	205650	29.87	85.55
14	970.86	10000	188172	43.31	104.80
15	462.34	10000	133652	30.98	99.93
16	168.56	10000	92366	30.38	95.84
17	531.62	10000	96945	33.96	114.67
18	982.39	10000	127803	49.91	88.21
19	117.31	10000	178793	34.66	112.40
20	137.54	10000	273705	38.02	86.44

-- Random instance No.26 --
Index	Demand	EmergCos	FixedCost	Lat	Lon
1	882.40	10000	36990	46.16	90.25
2	930.14	10000	240089	27.23	73.83
3	867.74	10000	248430	26.47	100.19
4	296.58	10000	220228	28.79	72.89
5	470.37	10000	146104	42.45	103.51
6	664.05	10000	285533	45.08	80.55
7	956.13	10000	82769	46.77	105.39
8	304.77	10000	52291	33.44	104.07
9	161.06	10000	190406	46.41	94.01
10	909.75	10000	226953	44.69	90.88
11	357.89	10000	289294	33.98	111.50
12	344.94	10000	102437	31.86	115.02
13	422.67	10000	252677	48.38	95.65
14	86.87	10000	151751	40.16	104.70
15	617.38	10000	95837	44.40	98.89
16	629.79	10000	126912	32.76	113.76
17	676.03	10000	30178	33.48	99.13
18	239.41	10000	91553	28.56	78.47
19	344.16	10000	92873	49.64	73.79
20	704.38	10000	269250	43.56	95.79

-- Random instance No.27 --
Index	Demand	EmergCos	FixedCost	Lat	Lon
1	50.46	10000	161743	33.91	107.34
2	283.30	10000	82201	48.73	75.13
3	879.37	10000	195971	27.93	101.41
4	963.06	10000	152658	49.62	80.97
5	527.79	10000	41422	38.65	92.60
6	395.70	10000	183864	39.95	114.37
7	448.29	10000	58478	38.10	107.81
8	733.60	10000	115408	32.97	117.01
9	239.82	10000	129699	39.17	110.87
10	583.68	10000	125908	25.96	117.93
11	424.51	10000	184565	42.82	77.50
12	838.16	10000	43354	35.61	114.54
13	766.05	10000	174540	41.91	113.39
14	202.89	10000	115330	37.01	104.60
15	394.14	10000	58023	32.81	97.85
16	91.01	10000	286623	35.11	74.03
17	820.44	10000	108246	33.00	83.59
18	496.44	10000	55302	32.25	118.74
19	571.01	10000	132116	39.64	77.55
20	271.21	10000	264795	49.10	112.78

-- Random instance No.28 --
Index	Demand	EmergCos	FixedCost	Lat	Lon
1	218.53	10000	286495	46.64	74.42
2	258.19	10000	49478	45.22	76.43
3	891.00	10000	143511	29.42	110.27
4	7.80	10000	85088	45.44	81.41
5	206.93	10000	206739	34.88	81.69
6	749.08	10000	207360	34.79	98.18
7	940.46	10000	159351	29.43	110.23
8	540.70	10000	53361	32.50	79.94
9	318.58	10000	68991	31.93	85.36
10	635.89	10000	169699	32.24	87.33
11	869.41	10000	79835	26.62	85.87
12	331.37	10000	254272	39.39	114.06
13	487.70	10000	221568	35.44	73.48
14	318.91	10000	204074	33.89	112.14
15	549.18	10000	290208	46.23	96.81
16	552.24	10000	51169	37.49	84.31
17	964.85	10000	41478	32.52	118.06
18	753.47	10000	289051	35.91	116.64
19	176.13	10000	171360	29.61	88.95
20	838.05	10000	260341	29.63	79.76

-- Random instance No.29 --
Index	Demand	EmergCos	FixedCost	Lat	Lon
1	554.67	10000	121164	47.15	116.24
2	586.25	10000	273703	38.20	71.39
3	535.98	10000	38593	32.34	70.34
4	97.30	10000	219949	37.11	89.93
5	321.77	10000	267374	27.28	109.88
6	834.11	10000	129187	49.51	115.81
7	924.79	10000	235934	37.10	107.43
8	776.63	10000	179595	31.56	98.18
9	854.38	10000	217576	42.43	119.08
10	362.03	10000	237610	44.80	83.78
11	2.64	10000	140375	44.30	117.89
12	939.53	10000	136106	46.92	113.10
13	174.45	10000	190459	47.48	101.32
14	929.23	10000	131232	27.62	111.94
15	102.70	10000	214579	48.06	94.73
16	474.69	10000	245426	42.22	112.51
17	253.66	10000	52779	31.59	86.98
18	889.25	10000	216550	43.26	97.16
19	629.83	10000	249848	34.59	104.11
20	971.72	10000	251431	40.68	113.74

-- Random instance No.30 --
Index	Demand	EmergCos	FixedCost	Lat	Lon
1	722.74	10000	245917	34.90	90.96
2	939.42	10000	115816	34.69	72.69
3	547.61	10000	256133	33.83	71.56
4	142.05	10000	152380	32.93	98.01
5	0.91	10000	162691	48.52	98.97
6	187.48	10000	152682	44.38	99.62
7	38.67	10000	66807	28.43	109.85
8	205.45	10000	242712	31.09	111.12
9	933.14	10000	156869	35.19	93.57
10	414.24	10000	136565	26.07	103.19
11	69.26	10000	35646	28.10	83.89
12	432.74	10000	77024	25.69	112.62
13	517.83	10000	112322	41.01	119.06
14	45.24	10000	94812	49.48	111.84
15	257.74	10000	51601	36.47	93.69
16	935.92	10000	135136	44.57	72.78
17	398.07	10000	130847	31.11	71.44
18	146.27	10000	180299	46.95	95.06
19	234.95	10000	289091	49.60	107.87
20	538.55	10000	102141	46.22	73.08

-- Random instance No.31 --
Index	Demand	EmergCos	FixedCost	Lat	Lon
1	890.81	10000	100669	47.63	108.05
2	914.31	10000	227928	31.18	116.36
3	180.96	10000	203674	35.29	80.42
4	186.80	10000	84810	28.75	98.45
5	58.33	10000	58008	44.72	88.06
6	919.14	10000	176178	39.25	83.43
7	530.84	10000	42516	44.77	104.63
8	12.55	10000	180665	30.62	74.05
9	11.89	10000	96162	27.95	110.43
10	88.17	10000	35520	32.35	72.59
11	514.16	10000	200916	36.94	92.26
12	547.68	10000	287941	29.44	112.14
13	239.48	10000	34185	34.54	79.15
14	161.26	10000	183555	46.33	111.74
15	34.50	10000	283786	49.89	92.65
16	397.14	10000	169683	46.95	90.70
17	542.48	10000	64080	30.63	105.91
18	403.30	10000	269213	25.60	85.32
19	461.80	10000	58335	39.57	119.27
20	105.38	10000	97686	26.75	90.07

-- Random instance No.32 --
Index	Demand	EmergCos	FixedCost	Lat	Lon
1	58.87	10000	225421	35.38	82.77
2	267.47	10000	195205	27.67	117.66
3	192.59	10000	151215	36.78	81.64
4	853.28	10000	287240	49.58	106.53
5	115.75	10000	223325	40.95	77.15
6	272.51	10000	74509	34.09	117.25
7	23.00	10000	143389	36.10	107.05
8	441.38	10000	243782	30.15	86.99
9	468.93	10000	35454	45.69	77.28
10	140.38	10000	79311	38.63	99.64
11	580.78	10000	96186	45.78	108.27
12	40.89	10000	84023	33.22	111.66
13	582.86	10000	81213	28.07	96.89
14	277.28	10000	147134	43.21	111.64
15	189.54	10000	245972	38.30	91.61
16	480.09	10000	59393	49.30	100.98
17	686.89	10000	142148	30.18	90.37
18	660.33	10000	232962	29.29	83.22
19	688.65	10000	97579	29.57	73.02
20	672.22	10000	93232	32.26	107.06

-- Random instance No.33 --
Index	Demand	EmergCos	FixedCost	Lat	Lon
1	226.94	10000	80174	48.14	99.86
2	242.36	10000	37318	49.20	118.96
3	204.22	10000	98755	38.24	90.50
4	898.03	10000	219671	45.40	106.97
5	794.90	10000	118643	37.15	116.25
6	625.89	10000	98004	28.96	101.06
7	515.17	10000	119098	27.43	109.47
8	870.21	10000	36899	29.68	92.29
9	547.69	10000	99911	38.45	101.78
10	192.59	10000	248266	44.91	119.05
11	647.40	10000	261457	29.61	74.27
12	534.11	10000	294940	37.00	111.18
13	926.24	10000	273076	46.58	106.99
14	771.58	10000	110714	40.06	119.18
15	966.31	10000	208157	26.71	90.57
16	941.32	10000	93939	26.67	111.26
17	831.30	10000	75380	29.70	74.83
18	917.36	10000	196711	32.95	73.48
19	915.50	10000	136823	44.55	76.78
20	239.05	10000	88777	37.80	74.04

-- Random instance No.34 --
Index	Demand	EmergCos	FixedCost	Lat	Lon
1	395.01	10000	204926	35.89	74.58
2	595.53	10000	149430	45.69	112.62
3	837.58	10000	46296	39.70	91.72
4	942.78	10000	152101	41.22	115.05
5	852.32	10000	283960	33.35	105.34
6	357.54	10000	121500	48.81	77.23
7	7.33	10000	219971	43.80	104.25
8	677.31	10000	244852	29.21	105.23
9	626.45	10000	39204	31.21	118.64
10	866.53	10000	147221	26.18	96.09
11	714.02	10000	156727	38.42	90.28
12	649.05	10000	235858	40.75	103.06
13	269.61	10000	50103	40.11	74.72
14	887.60	10000	199457	36.91	119.08
15	121.34	10000	170343	40.13	89.53
16	402.54	10000	253650	29.02	79.17
17	975.71	10000	153448	29.22	109.30
18	174.38	10000	160460	36.64	113.75
19	520.62	10000	176066	34.55	88.18
20	805.89	10000	84322	43.34	83.39

-- Random instance No.35 --
Index	Demand	EmergCos	FixedCost	Lat	Lon
1	731.15	10000	39595	36.37	116.40
2	923.59	10000	228820	38.67	115.22
3	860.84	10000	86213	42.65	101.80
4	32.27	10000	286962	32.86	73.56
5	588.88	10000	74595	25.78	91.16
6	442.57	10000	43326	38.55	94.86
7	613.39	10000	296553	26.46	109.09
8	913.24	10000	101086	28.24	81.10
9	162.24	10000	187789	41.71	109.99
10	970.95	10000	89967	38.74	84.90
11	225.53	10000	217267	31.09	114.66
12	257.20	10000	117693	48.31	102.10
13	334.64	10000	288994	27.17	94.92
14	119.63	10000	126616	30.64	118.88
15	53.14	10000	94714	41.93	87.45
16	324.99	10000	177907	33.75	99.73
17	264.52	10000	164749	28.29	85.86
18	688.44	10000	87959	43.99	101.91
19	974.32	10000	254554	39.53	103.34
20	939.56	10000	75413	29.41	117.37

-- Random instance No.36 --
Index	Demand	EmergCos	FixedCost	Lat	Lon
1	899.22	10000	164348	49.13	83.48
2	276.75	10000	70932	35.16	108.88
3	494.19	10000	33754	44.14	110.66
4	77.02	10000	219392	28.68	74.00
5	646.30	10000	239912	47.02	80.25
6	795.95	10000	66822	33.39	78.67
7	105.55	10000	272262	42.80	103.87
8	342.06	10000	39039	27.77	86.40
9	241.00	10000	127082	34.47	76.84
10	644.88	10000	258923	45.02	111.95
11	292.15	10000	112538	39.90	80.66
12	750.42	10000	58610	27.05	101.62
13	678.02	10000	210857	45.71	112.66
14	613.93	10000	90195	27.49	118.78
15	829.91	10000	56900	30.34	86.41
16	786.22	10000	212453	36.13	110.01
17	408.93	10000	97981	27.81	70.32
18	945.47	10000	51708	47.65	99.81
19	579.44	10000	168633	29.50	107.10
20	506.39	10000	70958	34.92	84.35

-- Random instance No.37 --
Index	Demand	EmergCos	FixedCost	Lat	Lon
1	67.28	10000	289100	36.88	108.21
2	251.64	10000	183045	31.65	110.18
3	505.82	10000	251294	45.60	111.88
4	743.50	10000	151823	49.51	82.08
5	703.72	10000	135229	43.22	119.35
6	527.60	10000	235153	28.26	112.49
7	597.72	10000	103135	34.13	106.29
8	770.89	10000	102156	27.30	99.34
9	319.76	10000	66375	27.23	93.70
10	697.09	10000	157878	26.29	81.35
11	358.77	10000	277808	48.74	96.67
12	243.63	10000	269527	30.83	101.14
13	399.67	10000	132721	39.21	72.75
14	729.95	10000	178938	49.38	118.68
15	984.95	10000	289085	43.76	85.37
16	247.44	10000	102164	38.48	77.92
17	553.34	10000	176050	27.33	104.79
18	202.49	10000	285458	26.33	90.07
19	806.29	10000	207877	44.51	118.50
20	73.22	10000	66504	40.46	93.70

-- Random instance No.38 --
Index	Demand	EmergCos	FixedCost	Lat	Lon
1	235.35	10000	143852	49.64	75.29
2	604.81	10000	295158	28.14	111.48
3	517.45	10000	198835	47.06	70.73
4	788.25	10000	84253	45.33	82.52
5	382.86	10000	30546	39.42	108.44
6	880.98	10000	258648	48.11	96.30
7	89.88	10000	78844	25.46	108.71
8	577.99	10000	165273	26.83	112.28
9	398.52	10000	275667	45.00	118.20
10	371.02	10000	56833	32.57	100.76
11	803.67	10000	173078	32.57	105.04
12	358.57	10000	210445	34.58	100.66
13	743.05	10000	179748	32.74	90.49
14	845.97	10000	142518	46.23	76.21
15	761.71	10000	126107	32.17	84.33
16	708.67	10000	136710	40.86	88.20
17	697.75	10000	109282	26.88	89.25
18	459.52	10000	249207	29.99	80.33
19	33.13	10000	247121	34.48	72.25
20	640.06	10000	62049	46.00	110.69

-- Random instance No.39 --
Index	Demand	EmergCos	FixedCost	Lat	Lon
1	571.49	10000	123357	25.11	117.11
2	932.87	10000	104547	46.13	106.44
3	162.43	10000	93916	25.00	80.81
4	877.75	10000	219114	36.97	98.68
5	497.70	10000	91181	31.85	86.62
6	966.01	10000	35639	37.85	113.93
7	74.21	10000	155426	33.13	105.91
8	813.92	10000	166343	25.89	80.51
9	934.32	10000	154252	30.49	101.91
10	475.44	10000	269579	45.13	97.21
11	936.91	10000	233619	25.21	87.05
12	345.00	10000	92279	42.14	99.70
13	429.80	10000	148639	44.81	118.33
14	456.28	10000	194840	39.96	76.01
15	693.51	10000	50478	34.00	89.89
16	631.12	10000	60967	45.59	116.40
17	986.57	10000	120583	25.92	108.18
18	973.58	10000	176705	37.34	118.50
19	865.11	10000	55608	39.49	87.41
20	395.45	10000	53139	32.04	94.66

-- Random instance No.40 --
Index	Demand	EmergCos	FixedCost	Lat	Lon
1	739.56	10000	248110	37.87	84.19
2	907.76	10000	216659	42.62	107.74
3	174.06	10000	41457	26.46	89.67
4	922.50	10000	151544	32.79	99.12
5	176.84	10000	256498	28.05	75.71
6	319.38	10000	203970	32.69	97.74
7	566.38	10000	256300	49.47	108.33
8	242.74	10000	229460	25.42	93.45
9	13.07	10000	93545	48.26	76.40
10	149.37	10000	168534	26.40	116.62
11	3.52	10000	128889	34.05	103.06
12	459.94	10000	33197	45.89	99.22
13	151.45	10000	70502	38.31	78.42
14	572.30	10000	158420	36.81	75.91
15	848.55	10000	282663	47.42	88.85
16	92.34	10000	220677	47.94	76.67
17	130.97	10000	198651	25.44	92.64
18	230.60	10000	140455	41.03	108.76
19	91.95	10000	94852	29.46	98.81
20	962.29	10000	48685	37.58	111.65

-- Random instance No.41 --
Index	Demand	EmergCos	FixedCost	Lat	Lon
1	411.83	10000	62283	38.86	117.82
2	563.87	10000	250274	28.58	105.30
3	842.31	10000	101620	32.36	109.83
4	723.22	10000	151266	41.08	116.16
5	28.24	10000	107767	37.92	82.08
6	489.44	10000	172788	37.12	82.99
7	156.76	10000	139464	39.83	102.73
8	714.60	10000	86765	48.52	87.56
9	706.39	10000	120716	44.28	101.47
10	979.94	10000	179191	26.51	109.52
11	648.28	10000	249970	44.37	109.45
12	54.52	10000	192031	35.97	89.66
13	903.24	10000	278284	37.41	84.09
14	414.65	10000	137901	49.28	83.15
15	712.15	10000	131406	26.04	84.69
16	558.97	10000	69191	32.39	75.42
17	708.61	10000	221252	48.56	88.13
18	258.71	10000	120616	30.72	85.08
19	377.62	10000	251827	39.42	79.12
20	229.62	10000	30866	34.70	71.95

-- Random instance No.42 --
Index	Demand	EmergCos	FixedCost	Lat	Lon
1	579.90	10000	187036	26.61	92.54
2	917.04	10000	92387	25.07	98.96
3	475.66	10000	49161	33.82	111.05
4	767.97	10000	83696	36.93	74.23
5	85.66	10000	273085	34.12	71.17
6	842.82	10000	196283	31.99	116.81
7	648.93	10000	240337	31.16	105.15
8	143.42	10000	294717	48.05	100.50
9	785.15	10000	60008	37.01	118.33
10	32.14	10000	78146	32.79	78.92
11	93.17	10000	145240	28.20	117.82
12	547.74	10000	132948	39.75	89.18
13	246.61	10000	200147	30.94	101.83
14	530.67	10000	101480	46.13	83.05
15	488.91	10000	93591	39.46	83.65
16	20.19	10000	103737	34.77	93.34
17	853.02	10000	154484	48.11	72.59
18	515.74	10000	84365	34.38	75.34
19	604.47	10000	291070	29.42	82.88
20	796.46	10000	296411	40.24	81.30

-- Random instance No.43 --
Index	Demand	EmergCos	FixedCost	Lat	Lon
1	747.97	10000	41788	39.34	109.63
2	891.93	10000	204499	46.57	100.26
3	487.29	10000	266701	35.31	119.91
4	812.72	10000	141291	32.75	74.67
5	764.81	10000	168402	30.35	110.27
6	574.47	10000	94615	26.86	92.98
7	141.09	10000	216046	47.50	99.93
8	950.53	10000	87834	47.58	113.44
9	242.18	10000	269301	29.77	92.82
10	706.08	10000	121937	39.07	105.97
11	159.79	10000	185346	37.01	83.82
12	662.68	10000	73866	43.50	88.70
13	589.99	10000	247175	49.48	111.93
14	646.69	10000	65059	42.98	82.95
15	643.95	10000	55777	27.87	82.61
16	481.42	10000	263448	37.12	103.62
17	997.43	10000	232553	47.63	107.06
18	394.49	10000	48115	38.07	73.24
19	209.59	10000	60314	44.40	86.64
20	363.29	10000	291957	45.78	98.29

-- Random instance No.44 --
Index	Demand	EmergCos	FixedCost	Lat	Lon
1	916.04	10000	166541	27.09	84.35
2	245.09	10000	46612	43.06	101.56
3	498.92	10000	214242	36.77	71.12
4	857.47	10000	73721	28.57	82.75
5	822.23	10000	63719	26.55	99.36
6	927.85	10000	118110	46.71	76.79
7	254.98	10000	46919	38.83	102.35
8	379.35	10000	150952	47.11	118.74
9	320.94	10000	208593	47.54	109.68
10	758.29	10000	290892	45.35	75.37
11	226.41	10000	80616	45.85	99.83
12	155.89	10000	284783	47.28	88.22
13	311.64	10000	169038	43.01	79.66
14	140.98	10000	153803	39.86	82.85
15	420.71	10000	162798	41.29	81.57
16	942.65	10000	297994	39.50	113.90
17	141.83	10000	165785	47.15	91.52
18	651.52	10000	281864	41.73	113.51
19	436.44	10000	244394	34.40	98.04
20	930.13	10000	287502	26.28	115.28

-- Random instance No.45 --
Index	Demand	EmergCos	FixedCost	Lat	Lon
1	252.17	10000	271210	27.60	118.53
2	573.15	10000	126001	36.04	96.52
3	143.90	10000	109323	39.72	81.20
4	568.69	10000	208582	45.22	91.27
5	558.79	10000	124354	43.99	85.18
6	12.87	10000	39937	36.42	94.42
7	239.31	10000	123501	46.50	99.55
8	615.28	10000	152022	46.17	94.61
9	856.74	10000	87179	33.03	101.03
10	484.43	10000	88803	32.90	71.82
11	737.93	10000	141157	38.52	74.20
12	764.05	10000	166618	29.80	79.62
13	998.40	10000	137929	30.04	107.50
14	373.02	10000	80961	33.56	90.29
15	352.51	10000	87169	43.12	79.49
16	865.10	10000	222251	44.23	92.09
17	430.65	10000	177086	46.22	110.45
18	165.57	10000	209362	49.08	101.67
19	890.14	10000	52881	39.38	113.20
20	63.79	10000	133757	37.36	91.61

-- Random instance No.46 --
Index	Demand	EmergCos	FixedCost	Lat	Lon
1	420.24	10000	125962	40.33	93.25
2	926.32	10000	238114	32.53	97.82
3	155.53	10000	201700	41.18	90.06
4	613.44	10000	141012	41.04	91.71
5	616.21	10000	289671	40.19	74.27
6	366.25	10000	63432	31.29	78.23
7	731.48	10000	99210	37.83	101.97
8	44.10	10000	215139	45.70	107.55
9	935.50	10000	296471	25.79	117.89
10	536.64	10000	132594	39.18	91.23
11	804.55	10000	36427	47.33	90.21
12	257.26	10000	107535	33.58	79.14
13	341.77	10000	184956	48.58	117.60
14	489.04	10000	169705	30.44	90.19
15	507.55	10000	49355	31.53	78.45
16	326.32	10000	111962	46.61	102.37
17	575.06	10000	255154	45.74	94.91
18	422.60	10000	173112	27.76	91.93
19	495.26	10000	92125	29.35	116.96
20	630.63	10000	129302	42.90	108.60

-- Random instance No.47 --
Index	Demand	EmergCos	FixedCost	Lat	Lon
1	588.31	10000	250714	28.08	110.34
2	901.21	10000	80226	29.02	91.48
3	788.89	10000	149240	42.67	91.28
4	658.19	10000	73443	36.86	99.79
5	673.63	10000	184988	36.42	113.37
6	97.90	10000	86928	26.16	112.05
7	223.64	10000	200084	29.16	104.39
8	851.21	10000	278256	45.23	70.48
9	14.25	10000	235764	43.56	84.74
10	210.57	10000	31549	45.46	118.28
11	871.17	10000	201697	31.16	106.22
12	750.48	10000	48453	37.33	78.66
13	63.42	10000	106819	42.11	85.33
14	605.06	10000	133284	27.29	90.09
15	284.31	10000	281540	44.95	77.41
16	409.27	10000	146508	48.96	70.28
17	719.47	10000	188386	45.26	79.37
18	679.63	10000	136861	31.42	89.83
19	722.11	10000	131368	44.36	78.35
20	197.46	10000	124848	48.41	75.58

-- Random instance No.48 --
Index	Demand	EmergCos	FixedCost	Lat	Lon
1	924.45	10000	230219	28.59	102.15
2	229.26	10000	159616	47.04	94.08
3	812.15	10000	44322	45.59	101.36
4	747.69	10000	208304	28.50	108.31
5	410.19	10000	245623	28.82	91.55
6	182.93	10000	278754	40.88	79.67
7	207.97	10000	276666	36.83	101.59
8	87.13	10000	279326	44.29	88.72
9	550.05	10000	239514	29.05	76.09
10	314.99	10000	99459	33.01	107.09
11	382.68	10000	262238	48.81	80.59
12	358.63	10000	200287	44.89	77.70
13	750.18	10000	75710	29.14	113.17
14	215.37	10000	60442	46.03	89.89
15	216.11	10000	205911	46.78	75.33
16	331.72	10000	70765	28.68	90.84
17	8.28	10000	199687	44.33	98.30
18	193.68	10000	64359	38.77	70.35
19	554.08	10000	209856	49.34	93.51
20	331.13	10000	115938	34.48	109.56

-- Random instance No.49 --
Index	Demand	EmergCos	FixedCost	Lat	Lon
1	260.58	10000	209724	29.07	93.96
2	557.32	10000	113841	40.02	89.04
3	457.13	10000	209403	48.54	111.44
4	458.91	10000	73164	45.15	116.83
5	146.75	10000	36258	46.26	119.74
6	889.69	10000	55745	30.59	97.30
7	814.03	10000	83248	44.53	98.79
8	944.79	10000	280396	43.32	114.60
9	707.57	10000	118099	39.58	109.81
10	41.13	10000	42205	45.57	103.54
11	515.92	10000	52779	41.48	112.61
12	966.79	10000	82122	27.41	76.74
13	815.21	10000	44601	41.21	91.00
14	447.41	10000	112765	39.76	97.33
15	147.91	10000	130283	48.58	80.89
16	254.17	10000	265022	33.41	119.04
17	297.10	10000	210987	43.37	74.86
18	707.74	10000	261858	46.12	108.52
19	7.77	10000	288343	29.31	108.67
20	464.80	10000	107029	45.56	85.89

-- Random instance No.50 --
Index	Demand	EmergCos	FixedCost	Lat	Lon
1	428.65	10000	64476	41.83	118.69
2	910.49	10000	225953	36.51	90.34
3	468.76	10000	156944	25.02	70.29
4	503.66	10000	275595	40.97	74.90
5	204.17	10000	201575	42.49	108.83
6	621.34	10000	224076	25.46	81.11
7	306.19	10000	58957	35.86	101.21
8	751.89	10000	73513	42.85	119.90
9	786.33	10000	57391	32.34	84.30
10	93.34	10000	211161	26.84	72.94
11	582.54	10000	218049	25.31	78.61
12	460.00	10000	293039	31.16	76.26
13	158.58	10000	236464	34.74	101.10
14	941.71	10000	76344	36.61	97.23
15	302.95	10000	92468	36.99	79.85
16	715.40	10000	154732	35.79	79.31
17	441.51	10000	289056	42.92	109.33
18	964.77	10000	80772	49.81	106.42
19	234.62	10000	57587	44.32	112.43
20	653.36	10000	102574	26.06	102.88

-- Random instance No.51 --
Index	Demand	EmergCos	FixedCost	Lat	Lon
1	596.72	10000	44393	29.58	85.77
2	885.38	10000	193230	33.00	84.00
3	102.11	10000	104484	26.48	71.51
4	548.41	10000	208025	36.79	75.34
5	261.59	10000	96892	38.69	97.92
6	974.72	10000	247572	45.31	114.93
7	798.36	10000	159830	27.19	103.63
8	180.71	10000	136630	42.38	82.83
9	243.36	10000	266684	25.07	101.16
10	767.28	10000	110116	33.12	99.99
11	27.43	10000	113319	34.12	86.98
12	574.94	10000	89121	34.94	75.78
13	501.96	10000	283492	28.24	111.20
14	57.72	10000	39924	33.46	97.13
15	79.71	10000	199489	25.40	78.81
16	176.62	10000	189278	38.14	97.23
17	585.92	10000	222288	42.44	93.79
18	221.79	10000	44521	28.46	96.68
19	839.75	10000	96831	34.29	73.82
20	220.19	10000	98120	31.60	119.87

-- Random instance No.52 --
Index	Demand	EmergCos	FixedCost	Lat	Lon
1	932.86	10000	293898	30.06	77.58
2	213.43	10000	147455	25.98	86.60
3	125.37	10000	269566	29.43	81.59
4	259.63	10000	72886	28.43	83.86
5	998.16	10000	157527	31.12	76.10
6	59.74	10000	169398	35.02	82.55
7	782.69	10000	236412	34.86	100.83
8	416.64	10000	137700	41.44	108.71
9	400.88	10000	145269	35.60	92.51
10	493.42	10000	52862	45.68	88.80
11	160.67	10000	173860	26.79	119.00
12	561.37	10000	240956	42.47	117.19
13	566.99	10000	127218	40.31	89.03
14	289.76	10000	92246	27.19	96.93
15	11.51	10000	123860	27.23	76.73
16	99.07	10000	113535	42.87	117.79
17	874.74	10000	233589	41.48	112.72
18	735.85	10000	242019	35.81	84.84
19	293.44	10000	50154	39.27	81.34
20	353.86	10000	89210	42.68	96.20

-- Random instance No.53 --
Index	Demand	EmergCos	FixedCost	Lat	Lon
1	268.99	10000	273403	30.57	119.40
2	541.49	10000	101680	43.97	81.56
3	770.36	10000	164647	32.35	91.67
4	349.13	10000	207747	45.08	92.38
5	734.72	10000	218161	48.53	104.29
6	144.77	10000	216389	49.74	92.54
7	388.74	10000	42994	42.53	98.03
8	652.57	10000	263934	40.50	76.94
9	936.68	10000	293855	46.10	76.22
10	597.84	10000	120772	33.23	85.25
11	672.19	10000	234400	44.44	93.37
12	169.52	10000	122791	25.02	116.23
13	253.74	10000	96109	27.34	116.87
14	900.08	10000	144569	45.93	104.37
15	943.32	10000	48232	29.06	74.65
16	21.52	10000	37792	47.60	95.98
17	163.55	10000	244889	40.55	81.64
18	249.90	10000	169518	43.16	73.00
19	125.41	10000	128641	44.25	96.50
20	487.53	10000	80301	28.72	80.17

-- Random instance No.54 --
Index	Demand	EmergCos	FixedCost	Lat	Lon
1	437.06	10000	128155	43.30	86.48
2	894.66	10000	68957	40.46	82.86
3	781.99	10000	112188	33.84	100.53
4	393.88	10000	140177	40.90	100.46
5	792.14	10000	113479	44.76	93.38
6	498.15	10000	114720	44.61	76.35
7	880.91	10000	288703	33.86	100.45
8	81.39	10000	201887	40.03	89.88
9	15.43	10000	233147	38.86	100.72
10	271.77	10000	164563	39.51	112.30
11	738.81	10000	129670	28.27	109.38
12	662.74	10000	63708	28.77	115.75
13	975.40	10000	143136	45.88	84.60
14	16.09	10000	108148	42.78	104.27
15	98.35	10000	280417	42.48	73.61
16	104.47	10000	197503	49.98	106.26
17	307.96	10000	52957	40.07	116.11
18	506.93	10000	133267	46.85	113.27
19	352.26	10000	167885	34.25	107.90
20	54.36	10000	75846	34.26	89.52

-- Random instance No.55 --
Index	Demand	EmergCos	FixedCost	Lat	Lon
1	605.13	10000	252907	31.05	111.21
2	869.55	10000	181070	36.95	76.52
3	415.34	10000	59728	35.30	101.75
4	438.63	10000	72608	36.75	100.90
5	849.56	10000	278796	40.96	90.11
6	229.80	10000	138216	39.48	110.17
7	373.07	10000	119577	25.19	102.87
8	888.50	10000	265004	39.56	102.82
9	94.19	10000	172440	31.62	117.58
10	323.98	10000	63518	45.79	81.70
11	805.43	10000	294941	37.11	75.38
12	777.68	10000	274626	32.55	115.27
13	318.77	10000	65000	39.41	94.70
14	132.11	10000	71728	39.63	104.17
15	875.12	10000	242603	30.89	72.57
16	565.70	10000	232049	27.32	116.54
17	74.09	10000	256190	39.59	100.57
18	763.96	10000	97016	25.50	103.53
19	579.11	10000	207129	49.23	111.66
20	621.20	10000	71391	39.80	106.51

-- Random instance No.56 --
Index	Demand	EmergCos	FixedCost	Lat	Lon
1	941.27	10000	87576	31.56	103.02
2	575.88	10000	135295	29.93	79.12
3	438.60	10000	99645	38.25	111.83
4	149.85	10000	207468	28.39	109.42
5	586.12	10000	69430	33.39	118.30
6	314.83	10000	60042	29.19	77.79
7	357.40	10000	196159	32.89	100.07
8	124.42	10000	266074	38.62	71.05
9	629.99	10000	51025	42.12	108.93
10	50.12	10000	131429	33.34	78.15
11	316.94	10000	85481	29.75	107.40
12	764.11	10000	156460	40.08	114.31
13	5.52	10000	33890	26.47	72.53
14	742.43	10000	124050	33.36	103.97
15	806.92	10000	166974	32.72	70.49
16	488.15	10000	156306	32.05	94.73
17	362.91	10000	267490	38.66	119.50
18	899.74	10000	294515	32.85	91.69
19	411.08	10000	285616	29.20	76.81
20	754.87	10000	62482	25.84	90.48

-- Random instance No.57 --
Index	Demand	EmergCos	FixedCost	Lat	Lon
1	109.33	10000	212329	44.29	70.10
2	550.77	10000	102572	26.42	72.78
3	71.95	10000	47186	39.71	70.68
4	194.60	10000	139899	49.22	117.50
5	643.54	10000	234748	29.59	107.39
6	668.21	10000	83538	49.04	111.61
7	849.57	10000	297032	49.23	102.49
8	553.25	10000	59191	38.15	83.99
9	708.75	10000	260318	34.88	75.78
10	102.33	10000	30384	39.62	97.56
11	383.56	10000	250751	38.59	115.77
12	879.05	10000	97378	43.86	113.83
13	727.18	10000	80918	44.98	90.27
14	858.45	10000	87630	30.24	103.87
15	583.68	10000	129159	46.11	119.46
16	949.38	10000	46016	34.43	105.01
17	507.32	10000	75559	38.18	111.60
18	156.76	10000	258264	36.54	81.95
19	637.93	10000	54860	44.21	88.21
20	321.70	10000	58027	31.38	107.47

-- Random instance No.58 --
Index	Demand	EmergCos	FixedCost	Lat	Lon
1	277.40	10000	67081	32.04	94.83
2	903.94	10000	214684	47.92	74.08
3	83.58	10000	264727	41.20	79.54
4	239.35	10000	72329	45.04	117.94
5	700.96	10000	130065	25.82	96.48
6	21.58	10000	107033	43.91	95.42
7	963.46	10000	272741	40.56	97.27
8	982.08	10000	122308	37.65	96.93
9	787.51	10000	199610	27.64	92.64
10	776.27	10000	74175	45.90	116.97
11	450.18	10000	146022	47.43	81.77
12	372.26	10000	38295	47.61	105.71
13	70.55	10000	272781	38.51	100.37
14	974.47	10000	51209	27.09	111.41
15	738.72	10000	236181	34.52	118.42
16	410.60	10000	80563	36.78	72.92
17	651.73	10000	278791	37.73	96.06
18	413.79	10000	222014	40.20	79.85
19	864.78	10000	94104	34.18	91.97
20	888.54	10000	53573	36.92	116.82

-- Random instance No.59 --
Index	Demand	EmergCos	FixedCost	Lat	Lon
1	445.47	10000	191834	44.80	111.92
2	878.83	10000	56797	44.41	75.38
3	95.21	10000	212267	42.66	80.76
4	284.10	10000	274760	40.86	76.01
5	380.10	10000	295382	47.03	85.57
6	753.24	10000	275365	38.78	79.23
7	455.62	10000	103614	31.89	99.69
8	789.18	10000	185425	37.18	102.23
9	866.27	10000	138903	45.38	117.14
10	828.48	10000	243130	27.17	94.01
11	516.80	10000	41292	31.23	97.78
12	865.48	10000	249213	26.38	105.23
13	413.93	10000	194644	32.04	118.11
14	468.76	10000	284788	48.95	111.31
15	515.48	10000	198366	47.94	117.38
16	871.83	10000	240273	39.16	83.20
17	796.14	10000	86859	37.25	80.52
18	670.82	10000	185763	43.89	70.11
19	469.90	10000	133348	49.19	103.37
20	455.37	10000	174282	42.43	83.80

-- Random instance No.60 --
Index	Demand	EmergCos	FixedCost	Lat	Lon
1	613.54	10000	46586	32.55	86.64
2	231.99	10000	168909	40.90	119.05
3	106.84	10000	159808	44.15	89.62
4	328.85	10000	207190	36.68	76.45
5	437.52	10000	190700	43.26	74.66
6	106.61	10000	298860	33.62	113.05
7	947.79	10000	79323	48.23	94.47
8	218.00	10000	123378	36.71	115.17
9	323.30	10000	78196	38.14	83.99
10	880.69	10000	142085	33.45	113.42
11	961.70	10000	206562	40.07	113.79
12	980.42	10000	190130	30.16	104.75
13	135.58	10000	241672	25.57	78.20
14	584.78	10000	103532	45.83	111.21
15	670.52	10000	160552	36.35	116.34
16	333.05	10000	274819	41.51	93.48
17	940.55	10000	290092	36.77	114.99
18	927.85	10000	149512	47.55	118.02
19	696.75	10000	172591	39.16	107.13
20	22.20	10000	169828	47.97	100.79

-- Random instance No.61 --
Index	Demand	EmergCos	FixedCost	Lat	Lon
1	781.61	10000	171338	45.28	103.73
2	206.88	10000	281022	37.39	70.34
3	740.20	10000	107349	45.61	90.84
4	373.60	10000	139620	32.50	84.53
5	494.94	10000	86017	39.46	113.76
6	838.27	10000	52356	28.49	96.86
7	439.95	10000	180196	39.56	96.89
8	25.10	10000	186495	36.24	78.10
9	402.06	10000	287488	30.90	100.85
10	554.62	10000	41041	39.73	82.82
11	28.31	10000	101832	48.91	72.15
12	473.63	10000	131047	33.91	104.27
13	478.96	10000	163535	44.08	95.94
14	700.80	10000	67111	42.68	111.11
15	447.28	10000	122737	49.77	115.30
16	794.28	10000	164530	43.89	111.40
17	84.95	10000	98160	36.29	99.45
18	184.87	10000	238426	26.23	108.28
19	923.60	10000	86671	29.16	118.53
20	589.04	10000	165373	28.50	117.78

-- Random instance No.62 --
Index	Demand	EmergCos	FixedCost	Lat	Lon
1	117.74	10000	276007	45.79	95.54
2	534.94	10000	90411	30.37	72.94
3	763.46	10000	272430	48.56	100.92
4	84.82	10000	274481	49.15	93.05
5	231.50	10000	146651	31.89	91.94
6	923.30	10000	244182	43.21	114.49
7	424.28	10000	256778	47.23	94.09
8	882.76	10000	187565	35.30	103.98
9	937.86	10000	166074	41.40	92.20
10	659.04	10000	253787	27.28	79.27
11	161.55	10000	162373	41.55	104.17
12	81.78	10000	138046	41.47	103.31
13	165.71	10000	132426	31.14	73.77
14	932.84	10000	119434	36.41	110.91
15	379.08	10000	47109	26.59	70.85
16	338.45	10000	88787	48.62	81.95
17	373.77	10000	109460	35.36	118.38
18	698.93	10000	165924	33.58	96.44
19	755.57	10000	165158	34.14	83.68
20	722.71	10000	156464	39.55	94.11

-- Random instance No.63 --
Index	Demand	EmergCos	FixedCost	Lat	Lon
1	285.81	10000	130760	33.54	112.63
2	888.11	10000	202524	26.86	116.61
3	396.81	10000	219971	25.01	109.78
4	129.57	10000	206912	44.97	101.13
5	288.92	10000	41969	28.09	81.03
6	276.67	10000	267678	38.08	98.30
7	538.17	10000	232487	38.56	96.51
8	689.86	10000	250682	34.83	109.28
9	16.61	10000	230531	34.16	109.06
10	332.97	10000	152742	33.56	106.32
11	228.17	10000	57643	25.38	70.17
12	575.00	10000	78964	45.22	102.83
13	887.37	10000	179453	49.68	83.87
14	427.13	10000	83013	33.26	118.45
15	534.12	10000	279294	40.01	119.82
16	799.68	10000	123333	25.96	99.87
17	518.18	10000	187529	34.88	102.84
18	955.96	10000	129674	37.24	86.70
19	982.42	10000	204402	49.15	87.44
20	911.27	10000	152009	45.09	111.10

-- Random instance No.64 --
Index	Demand	EmergCos	FixedCost	Lat	Lon
1	453.88	10000	255512	46.27	87.35
2	863.00	10000	44636	48.39	117.91
3	408.44	10000	167511	26.47	111.00
4	174.32	10000	139342	40.79	101.57
5	968.07	10000	207286	49.30	70.12
6	630.05	10000	291173	32.92	82.11
7	30.33	10000	63360	29.89	98.93
8	118.68	10000	43799	34.36	72.21
9	95.37	10000	169823	26.92	83.55
10	385.18	10000	51697	39.84	75.72
11	673.07	10000	222914	34.22	78.54
12	68.21	10000	289881	49.00	102.35
13	230.74	10000	101317	43.18	101.61
14	543.15	10000	46592	30.11	118.35
15	310.88	10000	241480	28.42	118.78
16	260.90	10000	283044	28.34	110.15
17	662.59	10000	120761	34.40	87.30
18	212.98	10000	93423	40.93	84.60
19	209.26	10000	243646	39.12	91.20
20	478.10	10000	147554	25.62	78.08

-- Random instance No.65 --
Index	Demand	EmergCos	FixedCost	Lat	Lon
1	621.95	10000	110265	34.02	104.44
2	216.16	10000	281913	44.88	119.21
3	420.07	10000	115052	27.96	119.86
4	219.07	10000	196937	36.61	109.65
5	25.48	10000	102603	45.53	109.22
6	361.70	10000	189504	27.79	108.29
7	522.50	10000	39069	46.26	93.71
8	925.79	10000	106916	33.89	85.15
9	174.13	10000	109116	44.69	100.41
10	437.39	10000	95488	46.12	95.13
11	739.69	10000	118184	43.03	94.55
12	183.15	10000	230799	27.74	94.23
13	574.12	10000	293180	36.71	111.71
14	659.17	10000	280171	26.99	118.25
15	465.92	10000	203665	41.84	117.74
16	722.13	10000	47590	30.69	70.42
17	807.00	10000	198829	33.95	71.76
18	470.01	10000	57172	44.59	74.86
19	814.39	10000	282889	29.12	102.60
20	44.93	10000	143100	31.16	95.07

-- Random instance No.66 --
Index	Demand	EmergCos	FixedCost	Lat	Lon
1	790.02	10000	235017	46.78	79.16
2	191.05	10000	124026	41.37	112.87
3	53.42	10000	62593	29.42	71.07
4	263.82	10000	129367	32.43	110.09
5	82.90	10000	267920	41.73	98.31
6	715.08	10000	213000	47.64	92.10
7	14.66	10000	139943	37.59	96.13
8	354.61	10000	44869	33.42	98.09
9	631.17	10000	48408	37.42	117.27
10	111.32	10000	264443	27.39	72.17
11	806.31	10000	283454	26.86	110.56
12	676.37	10000	171716	31.52	93.75
13	917.50	10000	70207	30.24	79.44
14	775.19	10000	98915	48.85	118.15
15	242.68	10000	40687	30.25	116.70
16	183.35	10000	207301	33.07	88.34
17	951.41	10000	132062	33.47	106.23
18	727.04	10000	290921	48.28	115.13
19	41.23	10000	52133	44.10	106.36
20	611.77	10000	138645	36.70	104.42

-- Random instance No.67 --
Index	Demand	EmergCos	FixedCost	Lat	Lon
1	958.09	10000	89769	34.53	96.25
2	544.22	10000	236138	37.86	114.17
3	65.05	10000	280133	30.91	79.93
4	930.30	10000	61797	28.25	118.17
5	762.05	10000	163238	37.96	87.40
6	446.73	10000	236495	42.51	75.91
7	506.83	10000	115652	28.92	98.55
8	161.71	10000	107986	32.95	103.39
9	709.93	10000	257701	30.18	91.76
10	163.53	10000	163398	33.67	91.58
11	872.93	10000	178724	35.70	76.56
12	791.31	10000	112633	35.30	93.27
13	639.15	10000	262071	48.78	89.54
14	269.48	10000	62494	45.70	118.05
15	397.72	10000	272872	43.64	115.66
16	644.58	10000	241847	35.42	98.62
17	95.81	10000	210130	32.99	98.33
18	984.07	10000	254671	26.93	113.03
19	268.08	10000	91377	34.10	117.76
20	178.60	10000	134190	42.21	71.40

-- Random instance No.68 --
Index	Demand	EmergCos	FixedCost	Lat	Lon
1	126.15	10000	214522	47.29	70.97
2	519.11	10000	78251	34.35	115.47
3	76.68	10000	227674	32.37	81.15
4	975.05	10000	264228	49.08	118.61
5	819.47	10000	58555	34.16	84.13
6	800.11	10000	134826	37.38	109.73
7	999.00	10000	216525	45.26	93.33
8	590.54	10000	171103	32.45	116.33
9	788.69	10000	196994	47.95	108.62
10	837.47	10000	62354	39.95	110.99
11	317.82	10000	73995	44.54	84.93
12	284.52	10000	53551	39.05	92.79
13	982.53	10000	39098	42.28	99.64
14	385.50	10000	296073	42.58	117.95
15	174.48	10000	235058	32.05	114.62
16	105.80	10000	131557	37.80	108.90
17	240.22	10000	143362	32.51	82.79
18	241.09	10000	218420	30.62	103.29
19	494.93	10000	130620	49.08	71.51
20	745.44	10000	129736	47.75	88.39

-- Random instance No.69 --
Index	Demand	EmergCos	FixedCost	Lat	Lon
1	294.22	10000	69274	35.01	88.06
2	872.28	10000	190363	30.84	109.13
3	710.04	10000	175215	33.83	90.01
4	19.79	10000	196658	44.90	76.68
5	876.89	10000	223872	30.36	73.22
6	153.48	10000	158322	32.22	93.54
7	491.16	10000	192234	36.59	95.75
8	19.36	10000	109056	31.98	79.26
9	867.45	10000	136286	40.68	75.47
10	889.68	10000	106144	46.23	88.03
11	384.44	10000	239265	28.34	100.94
12	777.74	10000	264468	42.83	92.31
13	325.90	10000	230961	35.81	117.38
14	501.52	10000	114817	39.43	75.48
15	329.52	10000	197243	45.47	113.58
16	567.03	10000	166104	40.15	76.81
17	384.63	10000	221430	32.06	117.26
18	498.12	10000	182169	34.28	93.55
19	100.05	10000	169864	39.08	82.91
20	312.27	10000	125281	28.28	105.38

-- Random instance No.70 --
Index	Demand	EmergCos	FixedCost	Lat	Lon
1	630.36	10000	173943	35.52	79.87
2	200.33	10000	269753	48.83	111.73
3	733.30	10000	215132	36.78	100.09
4	109.29	10000	61519	36.54	85.20
5	613.45	10000	284507	47.80	101.41
6	238.51	10000	80148	46.94	111.17
7	97.21	10000	123980	44.26	92.95
8	255.29	10000	235290	31.04	97.50
9	403.24	10000	284872	26.20	116.83
10	615.82	10000	174055	33.78	76.84
11	517.68	10000	299805	46.02	82.95
12	385.89	10000	146303	25.35	91.35
13	390.93	10000	199852	47.88	95.21
14	111.83	10000	41975	33.16	75.28
15	261.32	10000	121614	47.30	111.50
16	489.48	10000	90361	44.91	97.37
17	673.45	10000	232731	31.10	86.18
18	12.17	10000	109668	41.63	81.71
19	553.75	10000	123187	44.06	98.07
20	445.94	10000	116372	39.33	81.71

-- Random instance No.71 --
Index	Demand	EmergCos	FixedCost	Lat	Lon
1	966.50	10000	153448	36.00	71.68
2	528.39	10000	223978	41.81	106.69
3	378.28	10000	110213	39.73	110.17
4	820.52	10000	196380	28.21	93.72
5	350.01	10000	75141	40.23	79.59
6	323.54	10000	127139	36.65	78.79
7	81.54	10000	200562	26.92	97.79
8	491.22	10000	236360	30.10	73.37
9	560.76	10000	163457	36.70	108.18
10	720.24	10000	116801	46.34	73.29
11	29.19	10000	90346	38.66	107.33
12	994.05	10000	298138	32.91	90.39
13	77.68	10000	168743	34.91	73.04
14	343.87	10000	94298	26.89	75.08
15	193.12	10000	45986	49.13	109.42
16	33.65	10000	284617	49.64	75.56
17	962.27	10000	244032	30.17	105.11
18	526.23	10000	162331	48.98	119.88
19	385.72	10000	201675	49.04	113.23
20	579.61	10000	107462	25.40	115.69

-- Random instance No.72 --
Index	Demand	EmergCos	FixedCost	Lat	Lon
1	134.56	10000	278200	48.76	96.41
2	881.56	10000	191255	38.30	107.99
3	389.91	10000	57754	41.19	111.39
4	865.27	10000	128810	49.04	94.16
5	407.43	10000	240459	36.43	118.69
6	55.19	10000	295470	31.52	112.61
7	573.71	10000	176271	43.26	92.57
8	920.05	10000	299477	29.63	86.31
9	17.79	10000	102750	29.46	75.03
10	394.17	10000	285756	27.61	100.34
11	95.81	10000	255616	47.50	73.33
12	487.26	10000	239055	36.66	82.27
13	799.34	10000	90606	28.44	83.14
14	459.89	10000	57877	48.75	74.98
15	969.89	10000	278171	37.54	108.38
16	494.88	10000	174328	26.98	85.84
17	106.67	10000	177264	29.69	89.57
18	404.98	10000	126080	27.66	110.14
19	612.57	10000	240919	39.01	116.99
20	146.44	10000	103008	30.94	75.03

-- Random instance No.73 --
Index	Demand	EmergCos	FixedCost	Lat	Lon
1	302.63	10000	132953	36.51	113.50
2	856.45	10000	33367	34.79	101.65
3	23.26	10000	275294	42.68	70.24
4	910.02	10000	61241	44.86	102.24
5	464.85	10000	135776	32.66	107.78
6	408.57	10000	48966	26.39	96.42
7	65.87	10000	277144	34.59	94.99
8	727.15	10000	92594	29.16	91.61
9	96.55	10000	42042	47.23	91.89
10	446.38	10000	184711	33.89	119.75
11	162.43	10000	150886	31.33	89.34
12	980.48	10000	35137	40.44	81.79
13	142.71	10000	137634	46.98	100.88
14	954.19	10000	291456	45.60	82.52
15	124.92	10000	240357	25.95	107.34
16	956.11	10000	208874	29.36	96.12
17	251.08	10000	255332	29.21	74.03
18	662.01	10000	89829	31.32	108.04
19	839.42	10000	280162	29.01	78.38
20	713.28	10000	98553	36.45	92.02

-- Random instance No.74 --
Index	Demand	EmergCos	FixedCost	Lat	Lon
1	638.77	10000	237622	36.99	105.31
2	184.50	10000	257592	27.77	104.25
3	46.52	10000	170376	45.60	80.32
4	999.52	10000	196101	36.50	110.76
5	201.41	10000	196411	25.06	85.96
6	493.60	10000	240793	41.11	114.05
7	671.93	10000	83727	42.29	92.19
8	963.08	10000	93664	28.22	117.49
9	254.07	10000	190627	32.72	83.24
10	172.52	10000	127458	46.45	116.20
11	673.95	10000	211427	48.98	113.72
12	588.63	10000	186972	47.97	80.83
13	829.47	10000	106525	34.01	78.71
14	186.22	10000	73779	39.33	82.32
15	56.72	10000	39563	27.78	105.26
16	878.56	10000	133131	34.09	74.31
17	539.90	10000	266633	28.28	92.96
18	176.06	10000	287328	38.67	96.20
19	671.39	10000	88650	33.99	85.90
20	846.95	10000	89644	47.53	75.99

-- Random instance No.75 --
Index	Demand	EmergCos	FixedCost	Lat	Lon
1	974.91	10000	217127	37.50	97.12
2	512.56	10000	66982	45.76	99.21
3	691.51	10000	65457	48.55	90.40
4	710.74	10000	60962	28.14	119.28
5	937.98	10000	257045	42.50	114.15
6	578.63	10000	287783	30.82	74.03
7	656.26	10000	160309	49.96	97.03
8	199.00	10000	94734	27.25	85.72
9	789.87	10000	69213	43.25	74.59
10	898.67	10000	195368	34.00	105.01
11	807.19	10000	271968	41.62	95.73
12	196.78	10000	68806	30.49	79.87
13	894.50	10000	75415	46.08	106.55
14	796.54	10000	270938	33.06	82.12
15	988.53	10000	233935	29.58	110.82
16	801.01	10000	57388	38.82	102.51
17	828.72	10000	277933	27.32	119.53
18	690.12	10000	214826	46.02	76.72
19	125.08	10000	167137	38.97	101.06
20	980.62	10000	205898	33.57	102.33

-- Random instance No.76 --
Index	Demand	EmergCos	FixedCost	Lat	Lon
1	142.97	10000	71879	25.25	114.21
2	865.73	10000	179094	42.25	100.51
3	703.14	10000	282998	25.03	91.62
4	755.49	10000	263393	48.97	77.35
5	995.40	10000	152362	38.73	103.24
6	932.01	10000	41279	25.69	107.85
7	148.42	10000	136018	41.29	91.81
8	627.83	10000	157851	26.78	98.66
9	868.63	10000	278505	36.01	91.45
10	950.88	10000	94323	40.28	82.05
11	252.08	10000	167238	25.45	104.10
12	690.00	10000	279724	34.27	79.39
13	237.87	10000	267279	39.61	116.65
14	912.56	10000	89681	29.91	82.02
15	765.29	10000	196120	43.00	109.78
16	262.23	10000	217098	41.17	112.79
17	973.13	10000	211166	26.87	103.99
18	947.15	10000	178575	49.71	74.62
19	730.21	10000	206381	28.97	112.46
20	169.17	10000	201444	39.11	119.32

-- Random instance No.77 --
Index	Demand	EmergCos	FixedCost	Lat	Lon
1	311.04	10000	196631	37.98	88.93
2	840.62	10000	291207	38.74	94.17
3	336.49	10000	230538	26.49	100.48
4	800.24	10000	195823	44.79	77.79
5	52.81	10000	47680	34.93	92.33
6	663.66	10000	209610	45.54	91.66
7	640.59	10000	236891	32.62	94.23
8	56.65	10000	220969	26.31	111.60
9	325.66	10000	217798	28.74	108.31
10	3.08	10000	138114	46.56	101.46
11	318.70	10000	62508	34.29	70.10
12	183.21	10000	220641	38.05	78.91
13	959.53	10000	189142	33.11	84.38
14	28.57	10000	53260	26.79	89.56
15	920.33	10000	158306	31.41	108.74
16	723.46	10000	251645	43.55	73.06
17	117.53	10000	289234	26.39	88.45
18	204.17	10000	142325	28.36	114.89
19	957.06	10000	245625	43.95	116.22
20	736.01	10000	196989	44.65	86.30

-- Random instance No.78 --
Index	Demand	EmergCos	FixedCost	Lat	Lon
1	815.25	10000	30889	26.24	97.83
2	521.84	10000	212709	28.21	90.43
3	371.38	10000	73160	30.90	119.42
4	934.49	10000	263114	32.25	94.39
5	846.80	10000	273632	48.57	117.25
6	102.06	10000	154932	30.12	93.10
7	738.81	10000	289182	31.62	93.85
8	99.68	10000	285156	49.91	92.77
9	561.94	10000	160840	32.03	116.52
10	781.44	10000	104980	40.39	117.32
11	896.84	10000	288319	35.77	110.49
12	284.58	10000	43393	49.33	119.84
13	989.66	10000	205060	38.71	72.31
14	754.91	10000	69162	42.38	89.26
15	628.89	10000	44862	46.66	105.62
16	728.86	10000	65612	25.62	111.54
17	550.76	10000	233767	49.99	91.84
18	975.26	10000	33573	39.40	93.31
19	15.87	10000	238191	38.93	92.77
20	436.51	10000	183625	36.23	79.62

-- Random instance No.79 --
Index	Demand	EmergCos	FixedCost	Lat	Lon
1	983.32	10000	280805	38.97	72.55
2	875.01	10000	54821	49.74	91.73
3	4.73	10000	290701	32.39	70.63
4	600.96	10000	195544	28.07	94.83
5	525.94	10000	168949	44.80	106.34
6	455.44	10000	178428	50.00	76.91
7	230.97	10000	120055	47.96	88.63
8	528.51	10000	78273	49.44	105.71
9	18.97	10000	100133	49.77	91.01
10	455.37	10000	148771	46.67	94.36
11	963.46	10000	183589	44.61	76.49
12	399.52	10000	254311	28.10	119.36
13	711.31	10000	126923	32.24	90.05
14	870.93	10000	32742	39.23	89.16
15	783.93	10000	277048	35.07	104.58
16	190.08	10000	100158	28.00	79.45
17	695.17	10000	41835	49.51	76.30
18	232.28	10000	267322	43.06	91.21
19	242.72	10000	277435	28.90	96.53
20	3.34	10000	179170	41.77	96.61

-- Random instance No.80 --
Index	Demand	EmergCos	FixedCost	Lat	Lon
1	319.45	10000	260310	39.48	106.73
2	203.06	10000	279046	42.72	86.69
3	27.99	10000	60618	35.31	80.71
4	690.46	10000	60405	44.72	103.35
5	640.78	10000	229583	37.20	84.52
6	540.47	10000	100254	39.71	94.54
7	215.30	10000	196637	30.65	93.47
8	764.44	10000	79343	48.50	81.58
9	176.49	10000	248718	35.29	74.72
10	181.51	10000	216681	34.22	83.17
11	96.69	10000	244130	37.25	108.51
12	385.95	10000	136146	35.63	118.40
13	398.06	10000	95814	44.28	117.89
14	102.96	10000	229900	32.96	96.60
15	715.73	10000	76255	36.90	102.50
16	112.53	10000	294415	32.73	100.01
17	983.99	10000	53136	48.58	95.23
18	746.34	10000	49985	25.40	71.73
19	74.69	10000	85923	33.88	111.69
20	137.01	10000	170261	27.84	72.94

-- Random instance No.81 --
Index	Demand	EmergCos	FixedCost	Lat	Lon
1	487.52	10000	115062	27.23	81.45
2	177.95	10000	246323	39.21	87.99
3	661.35	10000	278159	36.80	89.57
4	735.21	10000	262836	40.54	111.43
5	319.92	10000	124901	33.43	73.61
6	893.85	10000	123750	34.55	78.35
7	707.47	10000	172346	46.99	88.25
8	193.26	10000	142460	48.03	86.88
9	255.25	10000	188011	28.02	99.22
10	233.72	10000	115636	40.50	110.22
11	541.59	10000	139400	46.09	116.88
12	500.89	10000	77063	39.41	117.92
13	741.44	10000	142842	37.81	77.98
14	597.26	10000	48644	29.81	96.50
15	492.49	10000	38440	25.31	101.46
16	573.76	10000	184126	35.08	117.93
17	128.39	10000	256368	48.10	79.69
18	3.36	10000	283734	29.09	119.64
19	301.54	10000	125166	48.89	73.08
20	703.85	10000	165806	33.35	89.93

-- Random instance No.82 --
Index	Demand	EmergCos	FixedCost	Lat	Lon
1	823.66	10000	94567	27.71	73.26
2	506.01	10000	200548	32.19	90.59
3	684.61	10000	173240	39.72	99.65
4	824.71	10000	127696	32.18	119.95
5	434.76	10000	185535	25.83	101.80
6	978.88	10000	45576	49.27	95.98
7	313.52	10000	104093	29.65	93.09
8	429.19	10000	143530	47.06	112.76
9	791.05	10000	66596	38.55	82.93
10	959.87	10000	58382	28.02	99.03
11	674.83	10000	199940	38.73	98.89
12	109.04	10000	84062	46.94	116.96
13	806.47	10000	256568	49.85	105.82
14	829.30	10000	245802	48.55	96.30
15	424.29	10000	232812	27.11	99.38
16	496.21	10000	108383	39.81	88.48
17	417.21	10000	267669	47.14	106.26
18	517.42	10000	211233	36.44	107.80
19	133.51	10000	203654	28.86	88.24
20	837.52	10000	156897	44.43	73.90

-- Random instance No.83 --
Index	Demand	EmergCos	FixedCost	Lat	Lon
1	991.73	10000	219320	40.47	90.35
2	859.18	10000	42661	28.68	84.25
3	317.96	10000	120781	41.21	100.87
4	491.18	10000	60127	28.03	70.38
5	113.90	10000	80853	47.07	90.89
6	710.53	10000	69072	44.14	79.79
7	805.69	10000	79802	45.99	87.87
8	236.29	10000	206647	46.59	75.69
9	869.81	10000	275889	31.31	107.43
10	12.07	10000	227338	34.30	76.07
11	741.45	10000	95211	47.57	114.90
12	602.26	10000	294979	25.71	108.84
13	149.84	10000	33596	43.38	115.92
14	945.32	10000	64546	45.40	96.20
15	201.05	10000	194997	40.53	98.34
16	957.44	10000	268093	42.19	106.40
17	561.62	10000	75737	46.69	90.72
18	774.45	10000	174982	40.10	98.06
19	360.36	10000	242898	43.84	92.00
20	404.35	10000	152442	49.97	90.89

-- Random instance No.84 --
Index	Demand	EmergCos	FixedCost	Lat	Lon
1	159.79	10000	74072	28.22	115.08
2	834.07	10000	154774	25.17	85.55
3	329.59	10000	68322	42.67	109.73
4	535.93	10000	262557	48.86	78.46
5	171.32	10000	246170	43.27	79.98
6	63.90	10000	92567	39.01	113.61
7	297.85	10000	180675	37.32	90.29
8	665.12	10000	144600	46.12	80.99
9	948.57	10000	215181	49.05	74.28
10	64.28	10000	126293	40.58	95.48
11	186.34	10000	260481	31.40	73.26
12	95.47	10000	235897	29.49	108.36
13	871.50	10000	225459	36.91	83.65
14	439.61	10000	298125	42.25	96.10
15	356.09	10000	157183	28.94	97.30
16	418.66	10000	32640	44.54	116.68
17	706.03	10000	278969	46.21	75.18
18	31.47	10000	138731	43.79	88.32
19	587.21	10000	282141	33.84	95.76
20	971.19	10000	147988	30.47	100.24

-- Random instance No.85 --
Index	Demand	EmergCos	FixedCost	Lat	Lon
1	495.93	10000	178741	28.70	106.89
2	162.12	10000	234163	43.16	80.51
3	974.58	10000	233403	45.62	119.81
4	625.43	10000	252582	40.50	86.98
5	907.89	10000	36804	35.70	108.17
6	148.93	10000	284394	28.72	73.59
7	282.18	10000	257257	44.99	87.49
8	901.05	10000	270834	45.18	106.87
9	484.36	10000	93766	34.57	115.64
10	790.43	10000	69039	28.13	91.93
11	319.58	10000	195857	49.05	105.28
12	703.63	10000	117732	37.02	107.40
13	558.25	10000	194350	48.95	111.49
14	671.65	10000	225283	35.98	103.54
15	287.89	10000	81554	30.77	102.86
16	962.84	10000	226896	49.27	94.87
17	994.85	10000	290270	45.25	94.11
18	167.25	10000	66230	26.13	76.48
19	419.18	10000	90629	38.82	110.92
20	104.85	10000	139078	41.55	84.21

-- Random instance No.86 --
Index	Demand	EmergCos	FixedCost	Lat	Lon
1	664.00	10000	33493	41.46	73.97
2	515.29	10000	76276	39.65	81.81
3	986.21	10000	180944	47.08	71.02
4	670.18	10000	185013	36.32	87.42
5	965.31	10000	202122	31.90	97.26
6	502.31	10000	37889	48.57	107.41
7	774.35	10000	232966	36.32	89.91
8	329.87	10000	63951	44.71	119.81
9	563.12	10000	33059	27.33	82.49
10	842.64	10000	237994	34.41	111.34
11	386.20	10000	91127	32.88	71.28
12	196.84	10000	58649	40.77	106.92
13	901.63	10000	241377	42.48	71.58
14	787.67	10000	44027	32.86	103.44
15	64.65	10000	43739	44.19	101.82
16	424.06	10000	116607	26.64	105.15
17	139.25	10000	98338	44.80	78.57
18	424.28	10000	299979	29.79	116.75
19	646.03	10000	274708	28.79	72.31
20	671.69	10000	134624	47.09	101.20

-- Random instance No.87 --
Index	Demand	EmergCos	FixedCost	Lat	Lon
1	168.20	10000	137751	29.69	90.51
2	818.24	10000	267777	29.12	78.07
3	642.82	10000	293566	26.51	89.96
4	426.15	10000	252304	48.79	104.02
5	759.29	10000	158074	45.57	72.17
6	318.99	10000	253211	33.15	108.85
7	872.57	10000	140421	35.35	89.53
8	994.63	10000	128138	43.30	100.98
9	177.67	10000	120937	30.59	90.70
10	242.71	10000	79695	28.24	77.19
11	964.34	10000	46938	34.36	111.67
12	298.21	10000	151401	27.07	105.48
13	310.03	10000	132131	48.05	117.16
14	514.00	10000	204764	48.45	103.14
15	151.49	10000	75132	34.43	98.70
16	807.74	10000	75410	33.72	93.62
17	572.48	10000	42871	43.36	81.96
18	195.36	10000	191227	40.83	102.81
19	704.85	10000	122439	48.78	91.23
20	993.92	10000	246424	38.67	94.52

-- Random instance No.88 --
Index	Demand	EmergCos	FixedCost	Lat	Lon
1	504.34	10000	242420	30.20	74.68
2	146.29	10000	222003	47.11	73.03
3	287.80	10000	188647	29.43	100.04
4	515.65	10000	117165	40.43	112.54
5	495.85	10000	218708	37.97	100.36
6	25.74	10000	175038	47.87	76.47
7	856.90	10000	217003	43.02	86.73
8	230.55	10000	129208	42.36	119.22
9	713.47	10000	269522	41.09	82.05
10	347.13	10000	147606	40.80	73.64
11	475.85	10000	107479	27.03	86.04
12	906.37	10000	33236	34.63	96.88
13	375.06	10000	101022	35.11	94.99
14	124.31	10000	257087	42.15	110.58
15	83.29	10000	269503	36.23	96.62
16	730.19	10000	269667	38.45	114.18
17	861.30	10000	54172	42.43	108.53
18	709.42	10000	118725	48.18	83.33
19	158.54	10000	200927	28.75	106.39
20	127.58	10000	237515	49.72	70.85

-- Random instance No.89 --
Index	Demand	EmergCos	FixedCost	Lat	Lon
1	672.41	10000	97172	42.93	99.41
2	499.46	10000	64115	43.60	74.33
3	299.43	10000	281023	30.92	101.26
4	560.40	10000	49595	36.25	70.61
5	553.27	10000	114025	34.20	89.45
6	757.40	10000	198534	42.74	110.29
7	349.06	10000	192712	34.35	89.15
8	37.65	10000	192325	41.86	82.15
9	792.23	10000	208815	33.85	98.91
10	21.06	10000	46561	47.08	93.05
11	542.47	10000	272749	35.84	102.05
12	399.58	10000	244153	38.38	96.40
13	718.44	10000	292885	28.64	105.09
14	240.33	10000	220666	39.03	110.48
15	860.06	10000	231689	49.65	95.58
16	191.41	10000	159378	40.83	82.09
17	5.70	10000	132240	41.95	92.99
18	966.45	10000	207639	26.83	81.23
19	763.67	10000	240171	43.76	117.79
20	694.42	10000	233060	30.25	87.84

-- Random instance No.90 --
Index	Demand	EmergCos	FixedCost	Lat	Lon
1	840.48	10000	221925	30.68	116.50
2	852.63	10000	31392	40.09	75.63
3	311.06	10000	228564	32.38	110.12
4	605.15	10000	252025	32.07	71.05
5	610.69	10000	279343	30.40	78.54
6	110.77	10000	222029	37.61	94.10
7	462.95	10000	293586	25.68	91.57
8	466.48	10000	130278	41.39	95.09
9	870.99	10000	148108	26.61	115.77
10	73.27	10000	90352	28.35	70.09
11	609.09	10000	168019	44.68	118.06
12	514.52	10000	40235	42.16	95.92
13	61.81	10000	69913	47.18	72.82
14	356.35	10000	39410	35.88	110.38
15	15.09	10000	193874	38.06	94.54
16	652.64	10000	193924	43.21	92.37
17	150.11	10000	65472	41.50	77.45
18	223.47	10000	171388	30.52	71.49
19	990.52	10000	279414	33.73	71.54
20	261.25	10000	228605	35.79	104.83

-- Random instance No.91 --
Index	Demand	EmergCos	FixedCost	Lat	Lon
1	8.54	10000	76677	43.44	91.22
2	827.52	10000	143505	36.58	119.30
3	944.42	10000	176105	33.84	111.34
4	271.62	10000	184456	27.89	79.13
5	289.83	10000	174660	26.60	117.64
6	842.43	10000	120360	32.45	77.91
7	955.12	10000	269295	42.02	86.35
8	895.31	10000	193395	40.92	108.03
9	949.75	10000	87400	44.38	90.26
10	125.48	10000	259307	34.63	89.50
11	675.71	10000	63290	28.51	84.06
12	7.73	10000	251152	45.91	95.44
13	783.47	10000	261776	40.68	82.92
14	472.37	10000	272989	32.73	110.28
15	791.86	10000	156060	26.47	93.50
16	113.86	10000	83634	45.56	102.65
17	294.52	10000	143540	41.02	111.92
18	480.50	10000	135137	34.18	119.40
19	217.36	10000	48658	48.74	82.94
20	828.09	10000	224150	41.33	71.81

-- Random instance No.92 --
Index	Demand	EmergCos	FixedCost	Lat	Lon
1	176.61	10000	201429	31.19	108.31
2	180.68	10000	255617	33.07	70.59
3	956.05	10000	123645	35.33	70.19
4	316.37	10000	116886	48.72	79.57
5	347.25	10000	69977	47.84	106.73
6	195.80	10000	143856	27.32	111.73
7	447.28	10000	100168	33.35	88.77
8	702.41	10000	256512	40.45	70.96
9	406.78	10000	296693	37.11	107.12
10	799.42	10000	158262	40.91	116.55
11	120.60	10000	228560	37.35	92.43
12	500.95	10000	192070	49.69	94.96
13	126.84	10000	183639	34.21	100.66
14	588.39	10000	236568	29.61	110.18
15	946.90	10000	118245	39.89	92.46
16	196.81	10000	118181	47.94	70.56
17	438.93	10000	76773	40.54	96.38
18	737.53	10000	98887	37.87	109.66
19	444.21	10000	87902	38.71	86.70
20	394.92	10000	219696	46.84	88.80

-- Random instance No.93 --
Index	Demand	EmergCos	FixedCost	Lat	Lon
1	344.68	10000	56182	43.92	83.03
2	155.57	10000	97730	29.56	71.89
3	967.68	10000	71186	36.79	71.41
4	361.12	10000	49317	44.54	87.65
5	404.67	10000	235295	44.04	95.82
6	927.46	10000	167351	47.17	95.54
7	939.45	10000	75877	49.69	91.19
8	131.23	10000	49629	39.98	76.26
9	485.54	10000	91150	29.87	73.97
10	851.63	10000	57218	47.19	85.95
11	187.22	10000	123830	46.16	108.44
12	615.89	10000	132987	28.46	94.48
13	470.22	10000	230667	27.74	110.76
14	82.68	10000	200148	26.46	117.72
15	723.66	10000	80431	28.30	91.42
16	658.04	10000	277891	25.28	80.84
17	583.34	10000	154841	40.06	80.84
18	994.56	10000	62636	41.53	99.92
19	49.33	10000	127145	28.71	90.46
20	961.76	10000	215241	27.37	98.15

-- Random instance No.94 --
Index	Demand	EmergCos	FixedCost	Lat	Lon
1	512.75	10000	180934	31.67	100.12
2	508.74	10000	65006	26.08	115.56
3	601.03	10000	288727	38.28	80.27
4	405.87	10000	251747	40.36	88.09
5	83.81	10000	130612	40.27	84.91
6	280.83	10000	65682	42.04	79.35
7	431.61	10000	176750	41.02	85.97
8	938.34	10000	257582	39.51	89.20
9	564.30	10000	30442	47.64	98.47
10	525.56	10000	101008	28.46	105.36
11	253.84	10000	289100	29.99	74.44
12	109.10	10000	73905	32.21	94.00
13	813.60	10000	152530	46.28	78.49
14	198.70	10000	288891	48.32	117.62
15	878.70	10000	187452	41.72	90.38
16	119.26	10000	42437	27.66	91.12
17	727.75	10000	88074	39.61	115.31
18	251.58	10000	296385	45.22	97.82
19	276.18	10000	41225	43.69	101.86
20	528.59	10000	210786	32.91	115.14

-- Random instance No.95 --
Index	Demand	EmergCos	FixedCost	Lat	Lon
1	848.89	10000	285603	32.18	91.93
2	836.80	10000	289232	44.07	118.16
3	624.29	10000	183808	41.20	90.35
4	495.37	10000	116608	32.00	96.61
5	198.65	10000	46411	32.67	113.10
6	365.86	10000	112673	31.75	89.34
7	415.94	10000	253332	48.69	90.81
8	174.26	10000	113816	38.57	115.08
9	100.09	10000	179028	33.13	82.18
10	629.98	10000	168919	41.02	101.81
11	765.36	10000	79641	47.64	98.82
12	717.26	10000	225739	39.77	93.04
13	878.63	10000	121421	33.31	106.33
14	430.74	10000	216050	42.05	117.42
15	810.50	10000	111823	43.55	88.30
16	41.71	10000	236694	32.39	119.32
17	16.56	10000	99374	38.65	84.23
18	765.64	10000	223884	27.56	78.34
19	108.15	10000	119712	48.67	117.02
20	662.26	10000	201877	43.96	99.11

-- Random instance No.96 --
Index	Demand	EmergCos	FixedCost	Lat	Lon
1	16.95	10000	140356	44.91	116.66
2	811.69	10000	131344	40.56	111.82
3	257.64	10000	131349	42.69	99.21
4	161.84	10000	49038	27.85	104.69
5	877.80	10000	211728	28.90	102.19
6	719.24	10000	281004	26.62	73.15
7	529.83	10000	84205	40.05	85.59
8	603.09	10000	51769	38.10	70.37
9	178.85	10000	118320	25.89	99.04
10	303.91	10000	67874	47.30	71.21
11	831.98	10000	244911	31.47	114.83
12	210.47	10000	166657	43.52	84.92
13	222.00	10000	168448	26.84	116.43
14	925.04	10000	34793	38.93	117.32
15	587.26	10000	74009	31.96	87.26
16	502.94	10000	126405	34.74	79.59
17	160.97	10000	177442	38.17	118.70
18	22.66	10000	187633	31.22	76.24
19	335.00	10000	158956	38.67	70.77
20	229.09	10000	197422	49.50	108.46

-- Random instance No.97 --
Index	Demand	EmergCos	FixedCost	Lat	Lon
1	521.16	10000	244613	33.17	75.55
2	492.91	10000	52846	30.03	108.08
3	292.53	10000	243971	47.10	110.51
4	296.09	10000	116329	40.32	113.65
5	671.78	10000	167680	42.54	119.47
6	157.64	10000	81491	36.18	74.59
7	6.32	10000	136496	39.05	85.21
8	267.84	10000	115956	36.66	109.19
9	793.41	10000	206198	29.15	107.25
10	82.26	10000	179575	41.13	87.07
11	410.11	10000	200722	32.95	105.21
12	311.84	10000	259409	29.82	83.48
13	630.41	10000	59202	32.41	112.00
14	273.09	10000	195531	29.51	74.65
15	674.10	10000	230566	47.18	91.78
16	886.62	10000	85208	41.85	118.07
17	594.20	10000	121975	36.76	79.72
18	793.75	10000	78881	42.26	104.67
19	393.82	10000	276687	33.62	97.33
20	929.60	10000	184058	41.11	109.42

-- Random instance No.98 --
Index	Demand	EmergCos	FixedCost	Lat	Lon
1	689.23	10000	99365	45.93	92.64
2	467.80	10000	164959	26.52	109.38
3	925.89	10000	191511	48.56	119.37
4	340.84	10000	48760	36.14	71.72
5	729.20	10000	62997	38.74	116.20
6	889.30	10000	249822	31.05	108.41
7	498.49	10000	237370	30.38	87.63
8	74.94	10000	179073	36.19	114.49
9	872.17	10000	145491	46.92	81.74
10	134.47	10000	78531	47.41	114.12
11	476.73	10000	95992	41.79	71.21
12	426.78	10000	200326	33.60	83.00
13	973.79	10000	251065	25.94	72.09
14	767.39	10000	284274	26.36	74.55
15	450.86	10000	192751	35.59	90.74
16	347.84	10000	244919	44.20	85.98
17	738.61	10000	200043	36.28	114.19
18	672.50	10000	42630	45.92	94.93
19	620.67	10000	45931	48.63	101.09
20	496.43	10000	179604	46.62	118.77

-- Random instance No.99 --
Index	Demand	EmergCos	FixedCost	Lat	Lon
1	857.30	10000	224117	33.65	117.37
2	820.97	10000	277071	48.02	110.68
3	937.52	10000	139052	25.04	70.58
4	385.59	10000	251190	31.96	79.80
5	786.62	10000	228314	34.97	105.29
6	242.67	10000	273317	25.92	92.22
7	990.66	10000	213078	46.72	82.41
8	503.77	10000	242190	35.72	77.42
9	950.93	10000	84783	39.68	98.60
10	186.68	10000	122322	28.68	83.52
11	543.35	10000	261262	25.62	87.22
12	920.00	10000	141244	37.35	82.52
13	695.44	10000	298093	44.48	82.19
14	883.41	10000	247854	48.22	74.45
15	605.90	10000	154937	49.01	89.70
16	809.07	10000	279465	46.58	96.26
17	883.02	10000	133276	35.83	98.65
18	929.53	10000	131544	49.61	92.83
19	847.52	10000	85175	38.63	112.49
20	684.99	10000	175149	27.15	85.75

-- Random instance No.100 --
Index	Demand	EmergCos	FixedCost	Lat	Lon
1	25.36	10000	204034	46.41	84.45
2	795.86	10000	119184	44.51	111.98
3	949.15	10000	86593	26.50	79.44
4	52.06	10000	183621	27.78	80.24
5	465.76	10000	123632	31.17	94.38
6	974.33	10000	296813	45.77	76.03
7	104.54	10000	43952	38.05	84.83
8	932.60	10000	35307	35.25	90.36
9	29.68	10000	294076	32.41	115.46
10	860.62	10000	291277	34.96	110.57
11	609.97	10000	156533	34.46	103.23
12	413.21	10000	82161	41.13	82.04
13	38.81	10000	219956	38.01	99.93
14	999.43	10000	211433	45.10	74.35
15	382.66	10000	261958	37.42	88.66
16	892.02	10000	169175	48.93	106.54
17	27.42	10000	211344	35.35	83.11
18	186.55	10000	95293	28.26	83.09
19	74.36	10000	124418	28.60	116.25
20	251.82	10000	170694	32.69	102.74
